{
  "experiment": "GAP-3 GNSS K-block single-fix audit",
  "timestamp_s": 5.664433479,
  "gps_index": 2,
  "accepted": true,
  "measurement_model": {
    "z_observed": "position_only [pN,pE,pD]",
    "z_velocity_in_ekf": false,
    "gps_speed_available_in_log": true,
    "gps_speed_mps": 0.424810,
    "H_on_error_state": "implicit I3 on pos errors; zero on vel/att/bias"
  },
  "z_ned_m": [-29.232857, -3.868654, 27.366802],
  "hx_ned_m": [-0.228882, -0.000005, 0.617539],
  "innovation_ned_m": [-29.003975, -3.868649, 26.749264],
  "x_prior": {"pos_ned_m": [-0.228882, -0.000005, 0.617539], "vel_ned_mps": [0.055701, -0.000817, -0.002579]},
  "x_post": {"pos_ned_m": [-10.048081, -0.034242, 1.260874], "vel_ned_mps": [-5.742135, -0.002380, 0.083979]},
  "S_m2": [
      [626.027526855, 0.049725723, -3.766936541],
      [0.049725723, 392.812255859, -0.000789209],
      [-3.766936541, -0.000789209, 397.738037109]
    ],
  "HPH_m2": [
      [237.188583374, 0.049725723, -3.766936541],
      [0.049725723, 3.973284483, -0.000789209],
      [-3.766936541, -0.000789209, 8.899072647]
    ],
  "R_m2": 388.838959,
  "S_inv": [
      [0.001407235, -0.000000147, 0.000010990],
      [-0.000000147, 0.002094559, 0.000000002],
      [0.000010990, 0.000000002, 0.002073255]
    ],
  "P_vel_pos_cross_m2": [
      [140.023056030, 0.030545644, -2.243971348],
      [0.036739003, 0.005185081, -0.000589502],
      [-2.077043772, -0.000450767, 0.043362495]
    ],
  "K_pos_pos": [
      [0.333738714, 0.000069385, -0.005203166],
      [0.000069385, 0.008322272, -0.000001081],
      [-0.005203167, -0.000001081, 0.018408652]
    ],
  "K_vel_pos": [
      [0.197020710, 0.000043454, -0.003113500],
      [0.000051693, 0.000010855, -0.000000818],
      [-0.002922412, -0.000000640, 0.000067075]
    ],
  "delta_x": {
    "pos_ned_m": [-9.819198608, -0.034237292, 0.643334627],
    "vel_ned_mps": [-5.797835827, -0.001563194, 0.086558260],
    "att_rad": [0.000027836, -0.225176141, -0.001162647],
    "bias_accel_norm": 0.090298831,
    "bias_gyro_norm": 0.046044547,
    "pos_norm_m": 9.840311050,
    "vel_norm_mps": 5.798481941,
    "att_norm_rad": 0.225179136
  },
  "nis": 2.681533,
  "interpretation": "K_vel_pos = P_vel_pos * S_inv; velocity correction only via cross-covariance, not H"
}

{
  "experiment": "GAP-3 GNSS K-block single-fix audit",
  "timestamp_s": 6.053678513,
  "gps_index": 3,
  "accepted": true,
  "measurement_model": {
    "z_observed": "position_only [pN,pE,pD]",
    "z_velocity_in_ekf": false,
    "gps_speed_available_in_log": true,
    "gps_speed_mps": 0.581609,
    "H_on_error_state": "implicit I3 on pos errors; zero on vel/att/bias"
  },
  "z_ned_m": [-28.809191, -4.247542, 27.366808],
  "hx_ned_m": [2.874886, -0.031305, 1.008396],
  "innovation_ned_m": [-31.684076, -4.216237, 26.358412],
  "x_prior": {"pos_ned_m": [2.874886, -0.031305, 1.008396], "vel_ned_mps": [-0.531479, 0.006427, -0.064131]},
  "x_post": {"pos_ned_m": [1.313602, -0.085886, 1.749734], "vel_ned_mps": [-0.771720, 0.006567, -0.072714]},
  "S_m2": [
      [489.025512695, 0.000722444, -0.014935973],
      [0.000722444, 477.392120361, -0.000023929],
      [-0.014935973, -0.000023929, 482.137847900]
    ],
  "HPH_m2": [
      [15.571404457, 0.000722444, -0.014935973],
      [0.000722444, 3.938009739, -0.000023929],
      [-0.014935973, -0.000023929, 8.683752060]
    ],
  "R_m2": 473.454102,
  "S_inv": [
      [0.003162085, -0.000000007, 0.000000153],
      [-0.000000007, 0.003282847, 0.000000000],
      [0.000000153, 0.000000000, 0.003232487]
    ],
  "P_vel_pos_cross_m2": [
      [2.464535475, -0.000641535, 0.078131594],
      [-0.001866582, 0.002922617, -0.000079294],
      [0.098224960, -0.000046674, 0.014749678]
    ],
  "K_pos_pos": [
      [0.049238104, 0.000002255, -0.000045903],
      [0.000002255, 0.012927885, -0.000000076],
      [-0.000045903, -0.000000076, 0.028070115]
    ],
  "K_vel_pos": [
      [0.007793083, -0.000002125, 0.000252936],
      [-0.000005902, 0.000009595, -0.000000257],
      [0.000310598, -0.000000154, 0.000047693]
    ],
  "delta_x": {
    "pos_ned_m": [-1.561283350, -0.054580472, 0.741338372],
    "vel_ned_mps": [-0.240240708, 0.000139793, -0.008583245],
    "att_rad": [-0.000023951, 0.003549982, -0.000068404],
    "bias_accel_norm": 0.015127067,
    "bias_gyro_norm": 0.002732852,
    "pos_norm_m": 1.729210019,
    "vel_norm_mps": 0.240394026,
    "att_norm_rad": 0.003550722
  },
  "nis": 5.478279,
  "interpretation": "K_vel_pos = P_vel_pos * S_inv; velocity correction only via cross-covariance, not H"
}

{
  "experiment": "GAP-3 GNSS K-block single-fix audit",
  "timestamp_s": 6.922794342,
  "gps_index": 4,
  "accepted": true,
  "measurement_model": {
    "z_observed": "position_only [pN,pE,pD]",
    "z_velocity_in_ekf": false,
    "gps_speed_available_in_log": true,
    "gps_speed_mps": 0.372331,
    "H_on_error_state": "implicit I3 on pos errors; zero on vel/att/bias"
  },
  "z_ned_m": [-28.809191, -4.347250, 27.366810],
  "hx_ned_m": [2.068371, -0.112406, 1.729915],
  "innovation_ned_m": [-30.877562, -4.234843, 25.636896],
  "x_prior": {"pos_ned_m": [2.068371, -0.112406, 1.729915], "vel_ned_mps": [-0.634302, 0.413226, -0.067618]},
  "x_post": {"pos_ned_m": [0.027522, -0.186732, 2.586128], "vel_ned_mps": [-1.101877, 0.407472, -0.118102]},
  "S_m2": [
      [317.378631592, 0.035892330, 0.447846591],
      [0.035892330, 304.569458008, 0.003733379],
      [0.447846591, 0.003733379, 309.166534424]
    ],
  "HPH_m2": [
      [16.703022003, 0.035892330, 0.447846591],
      [0.035892330, 3.893858194, 0.003733379],
      [0.447846591, 0.003733379, 8.490938187]
    ],
  "R_m2": 300.675598,
  "S_inv": [
      [0.004042901, -0.000000619, -0.000007571],
      [-0.000000619, 0.004263686, -0.000000065],
      [-0.000007571, -0.000000065, 0.004181737]
    ],
  "P_vel_pos_cross_m2": [
      [4.132664204, 0.037896406, 0.463512212],
      [0.049858909, 0.007179836, 0.005670299],
      [0.454307973, 0.003450080, 0.059365254]
    ],
  "K_pos_pos": [
      [0.067525245, 0.000142672, 0.001746309],
      [0.000142672, 0.016602168, 0.000015086],
      [0.001746309, 0.000015086, 0.035503477]
    ],
  "K_vel_pos": [
      [0.016704418, 0.000158992, 0.001906993],
      [0.000201527, 0.000030581, 0.000023334],
      [0.001836270, 0.000014425, 0.000244810]
    ],
  "delta_x": {
    "pos_ned_m": [-2.040848970, -0.074326202, 0.856213272],
    "vel_ned_mps": [-0.467575610, -0.005753973, -0.050484478],
    "att_rad": [-0.000634767, -0.012537573, 0.001430883],
    "bias_accel_norm": 0.029500268,
    "bias_gyro_norm": 0.002082103,
    "pos_norm_m": 2.214427710,
    "vel_norm_mps": 0.470328331,
    "att_norm_rad": 0.012634915
  },
  "nis": 6.691350,
  "interpretation": "K_vel_pos = P_vel_pos * S_inv; velocity correction only via cross-covariance, not H"
}

{
  "experiment": "GAP-3 GNSS K-block single-fix audit",
  "timestamp_s": 8.536244392,
  "gps_index": 5,
  "accepted": true,
  "measurement_model": {
    "z_observed": "position_only [pN,pE,pD]",
    "z_velocity_in_ekf": false,
    "gps_speed_available_in_log": true,
    "gps_speed_mps": 0.803098,
    "H_on_error_state": "implicit I3 on pos errors; zero on vel/att/bias"
  },
  "z_ned_m": [-27.961861, -5.463974, 27.366821],
  "hx_ned_m": [-4.713539, -0.228768, 2.198779],
  "innovation_ned_m": [-23.248322, -5.235206, 25.168043],
  "x_prior": {"pos_ned_m": [-4.713539, -0.228768, 2.198779], "vel_ned_mps": [0.555459, 0.277018, -0.189060]},
  "x_post": {"pos_ned_m": [-6.341104, -0.343292, 3.311801], "vel_ned_mps": [0.521033, 0.277135, -0.194381]},
  "S_m2": [
      [243.886505127, 0.013232462, 0.158100188],
      [0.013232462, 234.475387573, 0.000760140],
      [0.158100188, 0.000760140, 238.820007324]
    ],
  "HPH_m2": [
      [13.241539001, 0.013232462, 0.158100188],
      [0.013232462, 3.830418587, 0.000760140],
      [0.158100188, 0.000760140, 8.175029755]
    ],
  "R_m2": 230.644974,
  "S_inv": [
      [0.005351933, -0.000000399, -0.000004655],
      [-0.000000399, 0.005635791, -0.000000023],
      [-0.000004655, -0.000000023, 0.005501099]
    ],
  "P_vel_pos_cross_m2": [
      [0.243720055, -0.015133566, -0.032619014],
      [0.001003623, 0.002859992, 0.002357163],
      [0.056710221, 0.000435349, 0.012663645]
    ],
  "K_pos_pos": [
      [0.070867084, 0.000069287, 0.000808089],
      [0.000069287, 0.021587435, 0.000004031],
      [0.000808089, 0.000004031, 0.044970911]
    ],
  "K_vel_pos": [
      [0.001304531, -0.000085386, -0.000180575],
      [0.000005359, 0.000016118, 0.000012962],
      [0.000303450, 0.000002431, 0.000069400]
    ],
  "delta_x": {
    "pos_ned_m": [-1.627565503, -0.114524014, 1.113022089],
    "vel_ned_mps": [-0.034425855, 0.000117261, -0.005320771],
    "att_rad": [0.002384266, 0.001796632, -0.000002900],
    "bias_accel_norm": 0.052127820,
    "bias_gyro_norm": 0.001264178,
    "pos_norm_m": 1.975070477,
    "vel_norm_mps": 0.034834810,
    "att_norm_rad": 0.002985400
  },
  "nis": 6.537018,
  "interpretation": "K_vel_pos = P_vel_pos * S_inv; velocity correction only via cross-covariance, not H"
}

{
  "experiment": "GAP-3 GNSS K-block single-fix audit",
  "timestamp_s": 9.544651985,
  "gps_index": 6,
  "accepted": true,
  "measurement_model": {
    "z_observed": "position_only [pN,pE,pD]",
    "z_velocity_in_ekf": false,
    "gps_speed_available_in_log": true,
    "gps_speed_mps": 0.542723,
    "H_on_error_state": "implicit I3 on pos errors; zero on vel/att/bias"
  },
  "z_ned_m": [-27.961861, -5.763096, 27.366827],
  "hx_ned_m": [-5.490227, -0.408208, 3.137634],
  "innovation_ned_m": [-22.471634, -5.354888, 24.229193],
  "x_prior": {"pos_ned_m": [-5.490227, -0.408208, 3.137634], "vel_ned_mps": [1.190966, -0.264075, -0.241763]},
  "x_post": {"pos_ned_m": [-7.361825, -0.543543, 4.473694], "vel_ned_mps": [1.037298, -0.251687, -0.229920]},
  "S_m2": [
      [185.839569092, -0.047600482, -0.019491252],
      [-0.047600482, 177.371185303, 0.018832881],
      [-0.019491252, 0.018832881, 181.457580566]
    ],
  "HPH_m2": [
      [12.232604027, -0.047600482, -0.019491252],
      [-0.047600482, 3.764219522, 0.018832881],
      [-0.019491252, 0.018832881, 7.850613117]
    ],
  "R_m2": 173.606964,
  "S_inv": [
      [0.006803727, 0.000002338, 0.000000930],
      [0.000002338, 0.007219702, -0.000000953],
      [0.000000930, -0.000000953, 0.007012805]
    ],
  "P_vel_pos_cross_m2": [
      [0.725636840, -0.137053788, -0.282762617],
      [-0.059504241, 0.022028042, 0.024391083],
      [-0.034764960, 0.014877220, 0.041811120]
    ],
  "K_pos_pos": [
      [0.083227172, -0.000315042, -0.000125271],
      [-0.000315042, 0.027176412, 0.000128439],
      [-0.000125271, 0.000128439, 0.055054780]
    ],
  "K_vel_pos": [
      [0.004936452, -0.000987521, -0.001982154],
      [-0.000404776, 0.000158874, 0.000170974],
      [-0.000236458, 0.000107288, 0.000293167]
    ],
  "delta_x": {
    "pos_ned_m": [-1.871598721, -0.135335162, 1.336060166],
    "vel_ned_mps": [-0.153668046, 0.012387790, 0.011842269],
    "att_rad": [0.004115135, -0.005999235, 0.003075534],
    "bias_accel_norm": 0.067853265,
    "bias_gyro_norm": 0.001386262,
    "pos_norm_m": 2.303530693,
    "vel_norm_mps": 0.154620707,
    "att_norm_rad": 0.007898359
  },
  "nis": 7.759423,
  "interpretation": "K_vel_pos = P_vel_pos * S_inv; velocity correction only via cross-covariance, not H"
}

{
  "experiment": "GAP-3 GNSS K-block single-fix audit",
  "timestamp_s": 10.553059578,
  "gps_index": 7,
  "accepted": true,
  "measurement_model": {
    "z_observed": "position_only [pN,pE,pD]",
    "z_velocity_in_ekf": false,
    "gps_speed_available_in_log": true,
    "gps_speed_mps": 2.637817,
    "H_on_error_state": "implicit I3 on pos errors; zero on vel/att/bias"
  },
  "z_ned_m": [-27.114532, -5.543739, 27.366837],
  "hx_ned_m": [-7.621297, -0.673026, 4.382478],
  "innovation_ned_m": [-19.493237, -4.870713, 22.984358],
  "x_prior": {"pos_ned_m": [-7.621297, -0.673026, 4.382478], "vel_ned_mps": [1.142682, -0.614986, -0.211895]},
  "x_post": {"pos_ned_m": [-9.686420, -0.747956, 5.768220], "vel_ned_mps": [0.585447, -0.566568, -0.142239]},
  "S_m2": [
      [148.889205933, -0.390067130, -0.631456792],
      [-0.390067130, 138.481491089, 0.080900870],
      [-0.631456792, 0.080900870, 142.277770996]
    ],
  "HPH_m2": [
      [14.143544197, -0.390067130, -0.631456792],
      [-0.390067130, 3.735821724, 0.080900870],
      [-0.631456792, 0.080900870, 7.532105446]
    ],
  "R_m2": 134.745667,
  "S_inv": [
      [0.007183969, 0.000021736, 0.000034200],
      [0.000021736, 0.007764326, -0.000004634],
      [0.000034200, -0.000004634, 0.007542122]
    ],
  "P_vel_pos_cross_m2": [
      [3.241154909, -0.414214164, -0.703137398],
      [-0.287936330, 0.072832018, 0.064181983],
      [-0.387691230, 0.052645773, 0.102182008]
    ],
  "K_pos_pos": [
      [0.101576701, -0.002718262, -0.004277010],
      [-0.002718262, 0.028997285, 0.000579513],
      [-0.004277011, 0.000579513, 0.056786086]
    ],
  "K_vel_pos": [
      [0.023251304, -0.003142387, -0.005190382],
      [-0.002064748, 0.000558936, 0.000473883],
      [-0.002780523, 0.000399859, 0.000757166]
    ],
  "delta_x": {
    "pos_ned_m": [-2.065123081, -0.074930012, 1.385741949],
    "vel_ned_mps": [-0.557235122, 0.048418101, 0.069656774],
    "att_rad": [0.005242141, -0.020170484, 0.007249635],
    "bias_accel_norm": 0.064134188,
    "bias_gyro_norm": 0.003359778,
    "pos_norm_m": 2.488097191,
    "vel_norm_mps": 0.563655376,
    "att_norm_rad": 0.022065485
  },
  "nis": 6.872887,
  "interpretation": "K_vel_pos = P_vel_pos * S_inv; velocity correction only via cross-covariance, not H"
}

