{
  "experiment": "GAP-3 GNSS K-block single-fix audit",
  "timestamp_s": 5.664433479,
  "gps_index": 2,
  "accepted": true,
  "measurement_model": {
    "z_observed": "position_only [pN,pE,pD]",
    "z_velocity_in_ekf": false,
    "gps_speed_available_in_log": true,
    "gps_speed_mps": 0.424810,
    "H_on_error_state": "implicit I3 on pos errors; zero on vel/att/bias"
  },
  "z_ned_m": [-29.232857, -3.868654, 27.366802],
  "hx_ned_m": [-0.228882, -0.000005, 0.617539],
  "innovation_ned_m": [-29.003975, -3.868649, 26.749264],
  "x_prior": {"pos_ned_m": [-0.228882, -0.000005, 0.617539], "vel_ned_mps": [0.055701, -0.000817, -0.002579]},
  "x_post": {"pos_ned_m": [-10.048081, -0.034242, 1.260874], "vel_ned_mps": [0.168567, -0.002222, -0.004215]},
  "S_m2": [
      [626.027526855, 0.049725723, -3.766936541],
      [0.049725723, 392.812255859, -0.000789209],
      [-3.766936541, -0.000789209, 397.738037109]
    ],
  "HPH_m2": [
      [237.188583374, 0.049725723, -3.766936541],
      [0.049725723, 3.973284483, -0.000789209],
      [-3.766936541, -0.000789209, 8.899072647]
    ],
  "R_m2": 388.838959,
  "S_inv": [
      [0.001407235, -0.000000147, 0.000010990],
      [-0.000000147, 0.002094559, 0.000000002],
      [0.000010990, 0.000000002, 0.002073256]
    ],
  "P_vel_pos_cross_m2": [
      [0.000000000, 0.000000000, 0.000000000],
      [0.000000000, 0.000000000, 0.000000000],
      [0.000000000, 0.000000000, 0.000000000]
    ],
  "K_pos_pos": [
      [0.333738714, 0.000069385, -0.005203167],
      [0.000069385, 0.008322272, -0.000001081],
      [-0.005203167, -0.000001081, 0.018408654]
    ],
  "K_vel_pos": [
      [0.000000000, 0.000000000, 0.000000000],
      [0.000000000, 0.000000000, 0.000000000],
      [0.000000000, 0.000000000, 0.000000000]
    ],
  "delta_x": {
    "pos_ned_m": [-9.819198608, -0.034237292, 0.643334627],
    "vel_ned_mps": [0.112866491, -0.001405391, -0.001635597],
    "att_rad": [0.000073981, -0.220438272, 0.005880129],
    "bias_accel_norm": 0.088953853,
    "bias_gyro_norm": 0.045025945,
    "pos_norm_m": 9.840311050,
    "vel_norm_mps": 0.112887084,
    "att_norm_rad": 0.220516697
  },
  "nis": 3.292544,
  "interpretation": "K_vel_pos = P_vel_pos * S_inv; velocity correction only via cross-covariance, not H"
}

{
  "experiment": "GAP-3 GNSS K-block single-fix audit",
  "timestamp_s": 6.053678513,
  "gps_index": 3,
  "accepted": true,
  "measurement_model": {
    "z_observed": "position_only [pN,pE,pD]",
    "z_velocity_in_ekf": false,
    "gps_speed_available_in_log": true,
    "gps_speed_mps": 0.581609,
    "H_on_error_state": "implicit I3 on pos errors; zero on vel/att/bias"
  },
  "z_ned_m": [-28.809191, -4.247542, 27.366808],
  "hx_ned_m": [-10.879726, -0.029647, 1.253011],
  "innovation_ned_m": [-17.929464, -4.217895, 26.113798],
  "x_prior": {"pos_ned_m": [-10.879726, -0.029647, 1.253011], "vel_ned_mps": [-0.648417, 0.007697, -0.096032]},
  "x_post": {"pos_ned_m": [-15.843618, -0.081361, 2.032256], "vel_ned_mps": [-0.608073, 0.009825, -0.122564]},
  "S_m2": [
      [586.439086914, -0.063425183, -1.100083709],
      [-0.063425183, 477.390411377, 0.001099074],
      [-1.100083709, 0.001099074, 482.139526367]
    ],
  "HPH_m2": [
      [112.985008240, -0.063425183, -1.100083709],
      [-0.063425183, 3.936306715, 0.001099074],
      [-1.100083709, 0.001099074, 8.685428619]
    ],
  "R_m2": 473.454102,
  "S_inv": [
      [0.002417464, 0.000000503, 0.000008596],
      [0.000000503, 0.003282866, -0.000000010],
      [0.000008596, -0.000000010, 0.003232500]
    ],
  "P_vel_pos_cross_m2": [
      [0.000000000, 0.000000000, 0.000000000],
      [0.000000000, 0.000000000, 0.000000000],
      [0.000000000, 0.000000000, 0.000000000]
    ],
  "K_pos_pos": [
      [0.273127675, -0.000151337, -0.002584748],
      [-0.000151337, 0.012922334, 0.000002969],
      [-0.002584748, 0.000002969, 0.028066190]
    ],
  "K_vel_pos": [
      [0.000000000, 0.000000000, 0.000000000],
      [0.000000000, 0.000000000, 0.000000000],
      [0.000000000, 0.000000000, 0.000000000]
    ],
  "delta_x": {
    "pos_ned_m": [-4.963891983, -0.051714122, 0.779245436],
    "vel_ned_mps": [0.040344115, 0.002128473, -0.026532231],
    "att_rad": [0.000071758, -0.249933541, -0.031552646],
    "bias_accel_norm": 0.223253936,
    "bias_gyro_norm": 0.039310385,
    "pos_norm_m": 5.024950027,
    "vel_norm_mps": 0.048333608,
    "att_norm_rad": 0.251917332
  },
  "nis": 6.148968,
  "interpretation": "K_vel_pos = P_vel_pos * S_inv; velocity correction only via cross-covariance, not H"
}

{
  "experiment": "GAP-3 GNSS K-block single-fix audit",
  "timestamp_s": 6.922794342,
  "gps_index": 4,
  "accepted": true,
  "measurement_model": {
    "z_observed": "position_only [pN,pE,pD]",
    "z_velocity_in_ekf": false,
    "gps_speed_available_in_log": true,
    "gps_speed_mps": 0.372331,
    "H_on_error_state": "implicit I3 on pos errors; zero on vel/att/bias"
  },
  "z_ned_m": [-28.809191, -4.347250, 27.366810],
  "hx_ned_m": [-34.268806, -0.118885, 2.406748],
  "innovation_ned_m": [5.459616, -4.228365, 24.960062],
  "x_prior": {"pos_ned_m": [-34.268806, -0.118885, 2.406748], "vel_ned_mps": [-0.308532, 0.428899, 0.041048]},
  "x_post": {"pos_ned_m": [-32.194920, -0.187377, 3.248897], "vel_ned_mps": [-0.005731, 0.415434, 0.087889]},
  "S_m2": [
      [466.372589111, 0.157738492, -3.400699854],
      [0.157738492, 304.565460205, -0.006222608],
      [-3.400699854, -0.006222608, 309.205596924]
    ],
  "HPH_m2": [
      [165.696990967, 0.157738492, -3.400699854],
      [0.157738492, 3.889868259, -0.006222608],
      [-3.400699854, -0.006222608, 8.529984474]
    ],
  "R_m2": 300.675598,
  "S_inv": [
      [0.002523382, -0.000001696, 0.000035879],
      [-0.000001696, 0.004263760, 0.000000087],
      [0.000035879, 0.000000087, 0.004181550]
    ],
  "P_vel_pos_cross_m2": [
      [0.000000000, 0.000000000, 0.000000000],
      [0.000000000, 0.000000000, 0.000000000],
      [0.000000000, 0.000000000, 0.000000000]
    ],
  "K_pos_pos": [
      [0.417994559, 0.000391213, -0.008275212],
      [0.000391213, 0.016585197, -0.000020023],
      [-0.008275212, -0.000020023, 0.035546541]
    ],
  "K_vel_pos": [
      [0.000000000, 0.000000000, 0.000000000],
      [0.000000000, 0.000000000, 0.000000000],
      [0.000000000, 0.000000000, 0.000000000]
    ],
  "delta_x": {
    "pos_ned_m": [2.073885679, -0.068492174, 0.842149079],
    "vel_ned_mps": [0.302800804, -0.013465051, 0.046841078],
    "att_rad": [-0.000607082, 0.029813878, 0.000332067],
    "bias_accel_norm": 0.011529281,
    "bias_gyro_norm": 0.005854055,
    "pos_norm_m": 2.239399195,
    "vel_norm_mps": 0.306698084,
    "att_norm_rad": 0.029821908
  },
  "nis": 3.057445,
  "interpretation": "K_vel_pos = P_vel_pos * S_inv; velocity correction only via cross-covariance, not H"
}

{
  "experiment": "GAP-3 GNSS K-block single-fix audit",
  "timestamp_s": 8.536244392,
  "gps_index": 5,
  "accepted": true,
  "measurement_model": {
    "z_observed": "position_only [pN,pE,pD]",
    "z_velocity_in_ekf": false,
    "gps_speed_available_in_log": true,
    "gps_speed_mps": 0.803098,
    "H_on_error_state": "implicit I3 on pos errors; zero on vel/att/bias"
  },
  "z_ned_m": [-27.961861, -5.463974, 27.366821],
  "hx_ned_m": [-21.869074, -0.620133, 4.472253],
  "innovation_ned_m": [-6.092787, -4.843841, 22.894567],
  "x_prior": {"pos_ned_m": [-21.869074, -0.620133, 4.472253], "vel_ned_mps": [0.761239, 0.119522, -0.002406]},
  "x_post": {"pos_ned_m": [-24.137148, -0.728482, 5.542805], "vel_ned_mps": [0.707994, 0.116193, -0.000497]},
  "S_m2": [
      [321.690155029, 0.220656097, -2.038431406],
      [0.220656097, 234.467727661, 0.006248715],
      [-2.038431406, 0.006248715, 238.805175781]
    ],
  "HPH_m2": [
      [91.045188904, 0.220656097, -2.038431406],
      [0.220656097, 3.822748184, 0.006248715],
      [-2.038431406, 0.006248715, 8.160203934]
    ],
  "R_m2": 230.644974,
  "S_inv": [
      [0.003778875, -0.000004701, 0.000042378],
      [-0.000004701, 0.005636040, -0.000000246],
      [0.000042378, -0.000000246, 0.005502019]
    ],
  "P_vel_pos_cross_m2": [
      [0.000000000, 0.000000000, 0.000000000],
      [0.000000000, 0.000000000, 0.000000000],
      [0.000000000, 0.000000000, 0.000000000]
    ],
  "K_pos_pos": [
      [0.343960971, 0.000816126, -0.007357191],
      [0.000816126, 0.021544123, 0.000042789],
      [-0.007357190, 0.000042789, 0.044811212]
    ],
  "K_vel_pos": [
      [0.000000000, 0.000000000, 0.000000000],
      [0.000000000, 0.000000000, 0.000000000],
      [0.000000000, 0.000000000, 0.000000000]
    ],
  "delta_x": {
    "pos_ned_m": [-2.268073797, -0.108349130, 1.070551753],
    "vel_ned_mps": [-0.053244263, -0.003328778, 0.001909249],
    "att_rad": [0.000676958, -0.004865096, 0.003664505],
    "bias_accel_norm": 0.021101734,
    "bias_gyro_norm": 0.002455927,
    "pos_norm_m": 2.510374308,
    "vel_norm_mps": 0.053382371,
    "att_norm_rad": 0.006128297
  },
  "nis": 3.437129,
  "interpretation": "K_vel_pos = P_vel_pos * S_inv; velocity correction only via cross-covariance, not H"
}

{
  "experiment": "GAP-3 GNSS K-block single-fix audit",
  "timestamp_s": 9.544651985,
  "gps_index": 6,
  "accepted": true,
  "measurement_model": {
    "z_observed": "position_only [pN,pE,pD]",
    "z_velocity_in_ekf": false,
    "gps_speed_available_in_log": true,
    "gps_speed_mps": 0.542723,
    "H_on_error_state": "implicit I3 on pos errors; zero on vel/att/bias"
  },
  "z_ned_m": [-27.961861, -5.763096, 27.366827],
  "hx_ned_m": [-23.996279, -0.614788, 5.471025],
  "innovation_ned_m": [-3.965582, -5.148308, 21.895802],
  "x_prior": {"pos_ned_m": [-23.996279, -0.614788, 5.471025], "vel_ned_mps": [0.667437, -0.168360, -0.116887]},
  "x_post": {"pos_ned_m": [-25.435825, -0.753691, 6.683638], "vel_ned_mps": [0.589555, -0.169060, -0.110054]},
  "S_m2": [
      [232.435607910, 0.161052912, -1.307860017],
      [0.161052912, 177.350021362, 0.010667054],
      [-1.307860017, 0.010667054, 181.389877319]
    ],
  "HPH_m2": [
      [58.828651428, 0.161052912, -1.307860017],
      [0.161052912, 3.743057251, 0.010667054],
      [-1.307860017, 0.010667054, 7.782918453]
    ],
  "R_m2": 173.606964,
  "S_inv": [
      [0.005182001, -0.000006464, 0.000048550],
      [-0.000006464, 0.007220826, -0.000000628],
      [0.000048550, -0.000000628, 0.007016655]
    ],
  "P_vel_pos_cross_m2": [
      [1.293241739, -0.025173312, 0.060624063],
      [-0.055183489, 0.009364528, -0.001860153],
      [0.120906658, 0.002439722, 0.014772415]
    ],
  "K_pos_pos": [
      [0.301747888, 0.000871051, -0.006541852],
      [0.000871051, 0.027024964, 0.000084673],
      [-0.006541852, 0.000084673, 0.054536194]
    ],
  "K_vel_pos": [
      [0.005273161, -0.000149508, 0.000383953],
      [-0.000277925, 0.000067404, -0.000015170],
      [0.000783454, 0.000012378, 0.000120894]
    ],
  "delta_x": {
    "pos_ned_m": [-1.439545870, -0.138902545, 1.212613106],
    "vel_ned_mps": [-0.077881999, -0.000699983, 0.006833817],
    "att_rad": [0.000888294, -0.003371582, 0.000143349],
    "bias_accel_norm": 0.010046095,
    "bias_gyro_norm": 0.001375656,
    "pos_norm_m": 1.887330651,
    "vel_norm_mps": 0.078184374,
    "att_norm_rad": 0.003489582
  },
  "nis": 3.686086,
  "interpretation": "K_vel_pos = P_vel_pos * S_inv; velocity correction only via cross-covariance, not H"
}

{
  "experiment": "GAP-3 GNSS K-block single-fix audit",
  "timestamp_s": 10.553059578,
  "gps_index": 7,
  "accepted": true,
  "measurement_model": {
    "z_observed": "position_only [pN,pE,pD]",
    "z_velocity_in_ekf": false,
    "gps_speed_available_in_log": true,
    "gps_speed_mps": 2.637817,
    "H_on_error_state": "implicit I3 on pos errors; zero on vel/att/bias"
  },
  "z_ned_m": [-27.114532, -5.543739, 27.366837],
  "hx_ned_m": [-26.921993, -0.474149, 6.115825],
  "innovation_ned_m": [-0.192539, -5.069590, 21.251011],
  "x_prior": {"pos_ned_m": [-26.921993, -0.474149, 6.115825], "vel_ned_mps": [1.016627, -0.439571, -0.327767]},
  "x_post": {"pos_ned_m": [-26.240007, -0.644400, 7.349880], "vel_ned_mps": [1.435967, -0.454838, -0.356494]},
  "S_m2": [
      [176.908050537, -0.014314597, -0.988018155],
      [-0.014314597, 138.418090820, 0.024813786],
      [-0.988018155, 0.024813786, 142.093460083]
    ],
  "HPH_m2": [
      [42.162376404, -0.014314597, -0.988018155],
      [-0.014314597, 3.672420025, 0.024813786],
      [-0.988018155, 0.024813786, 7.347792625]
    ],
  "R_m2": 134.745667,
  "S_inv": [
      [0.006060175, -0.000003636, 0.000049445],
      [-0.000003636, 0.007768333, -0.000001705],
      [0.000049445, -0.000001705, 0.007553081]
    ],
  "P_vel_pos_cross_m2": [
      [2.645461798, -0.107121542, 0.111567177],
      [-0.238203481, 0.037419721, -0.002525783],
      [0.010384643, 0.014860048, 0.023688797]
    ],
  "K_pos_pos": [
      [0.242117658, 0.000454773, -0.006183545],
      [0.000454773, 0.028496210, 0.000213193],
      [-0.006183544, 0.000213193, 0.055415630]
    ],
  "K_vel_pos": [
      [0.011253177, -0.000586096, 0.000684414],
      [-0.001075749, 0.000269219, -0.000009367],
      [0.000461642, 0.000093676, 0.000203336]
    ],
  "delta_x": {
    "pos_ned_m": [0.681986570, -0.170250371, 1.234054446],
    "vel_ned_mps": [0.419340163, -0.015266847, -0.028727066],
    "att_rad": [-0.002331015, 0.016662160, -0.007215488],
    "bias_accel_norm": 0.038794048,
    "bias_gyro_norm": 0.004501873,
    "pos_norm_m": 1.420204639,
    "vel_norm_mps": 0.420600176,
    "att_norm_rad": 0.018306404
  },
  "nis": 5.009274,
  "interpretation": "K_vel_pos = P_vel_pos * S_inv; velocity correction only via cross-covariance, not H"
}

{
  "experiment": "GAP-3 GNSS K-block single-fix audit",
  "timestamp_s": 23.268436432,
  "gps_index": 20,
  "accepted": true,
  "measurement_model": {
    "z_observed": "position_only [pN,pE,pD]",
    "z_velocity_in_ekf": false,
    "gps_speed_available_in_log": true,
    "gps_speed_mps": 5.501866,
    "H_on_error_state": "implicit I3 on pos errors; zero on vel/att/bias"
  },
  "z_ned_m": [-93.205963, 59.266701, 27.366446],
  "hx_ned_m": [502.415924, 499.382629, 72.745110],
  "innovation_ned_m": [-595.621887, -440.115936, -45.378662],
  "x_prior": {"pos_ned_m": [502.415924, 499.382629, 72.745110], "vel_ned_mps": [5.005354, -5.105556, -5.794414]},
  "x_post": {"pos_ned_m": [-400.762726, -158.563110, -117.301369], "vel_ned_mps": [5.246684, -4.357904, -5.735566]},
  "S_m2": [
      [-127.535308838, -200.533142090, -62.172489166],
      [-200.533142090, -1.204803467, -41.070529938],
      [-62.172489166, -41.070529938, 143.144638062]
    ],
  "HPH_m2": [
      [-277.352905273, -200.533142090, -62.172489166],
      [-200.533142090, -151.022399902, -41.070529938],
      [-62.172489166, -41.070529938, -6.672960758]
    ],
  "R_m2": 149.817596,
  "S_inv": [
      [0.000212785, -0.004734345, -0.001240362],
      [-0.004734345, 0.003280025, -0.001092658],
      [-0.001240362, -0.001092658, 0.006009773]
    ],
  "P_vel_pos_cross_m2": [
      [0.000000000, 0.000000000, 0.000000000],
      [0.000000000, 0.000000000, 0.000000000],
      [0.000000000, 0.000000000, 0.000000000]
    ],
  "K_pos_pos": [
      [0.967492878, 0.723263860, 0.189489603],
      [0.723263979, 0.498911858, 0.166924939],
      [0.189489543, 0.166924924, 0.081889458]
    ],
  "K_vel_pos": [
      [0.000000000, 0.000000000, 0.000000000],
      [0.000000000, 0.000000000, 0.000000000],
      [0.000000000, 0.000000000, 0.000000000]
    ],
  "delta_x": {
    "pos_ned_m": [-903.178649902, -657.945739746, -190.046478271],
    "vel_ned_mps": [0.241329700, 0.747651517, 0.058847293],
    "att_rad": [-0.054516107, 0.436085939, -0.665750682],
    "bias_accel_norm": 1.943578959,
    "bias_gyro_norm": 0.070036151,
    "pos_norm_m": 1133.464599609,
    "vel_norm_mps": 0.787836134,
    "att_norm_rad": 0.797726095
  },
  "nis": -1745.254150,
  "interpretation": "K_vel_pos = P_vel_pos * S_inv; velocity correction only via cross-covariance, not H"
}

