{
  "experiment": "GAP-3 GNSS K-block single-fix audit",
  "timestamp_s": 5.664433479,
  "gps_index": 2,
  "accepted": true,
  "measurement_model": {
    "z_observed": "position_only [pN,pE,pD]",
    "z_velocity_in_ekf": false,
    "gps_speed_available_in_log": true,
    "gps_speed_mps": 0.424810,
    "H_on_error_state": "implicit I3 on pos errors; zero on vel/att/bias"
  },
  "z_ned_m": [-29.232857, -3.868654, 27.366802],
  "hx_ned_m": [-0.228882, -0.000005, 0.617539],
  "innovation_ned_m": [-29.003975, -3.868649, 26.749264],
  "x_prior": {"pos_ned_m": [-0.228882, -0.000005, 0.617539], "vel_ned_mps": [0.055701, -0.000817, -0.002579]},
  "x_post": {"pos_ned_m": [-10.048081, -0.034242, 1.260874], "vel_ned_mps": [0.168567, -0.002222, -0.004215]},
  "S_m2": [
      [626.027526855, 0.049725723, -3.766936541],
      [0.049725723, 392.812255859, -0.000789209],
      [-3.766936541, -0.000789209, 397.738037109]
    ],
  "HPH_m2": [
      [237.188583374, 0.049725723, -3.766936541],
      [0.049725723, 3.973284483, -0.000789209],
      [-3.766936541, -0.000789209, 8.899072647]
    ],
  "R_m2": 388.838959,
  "S_inv": [
      [0.001407235, -0.000000147, 0.000010990],
      [-0.000000147, 0.002094559, 0.000000002],
      [0.000010990, 0.000000002, 0.002073256]
    ],
  "P_vel_pos_cross_m2": [
      [0.000000000, 0.000000000, 0.000000000],
      [0.000000000, 0.000000000, 0.000000000],
      [0.000000000, 0.000000000, 0.000000000]
    ],
  "K_pos_pos": [
      [0.333738714, 0.000069385, -0.005203167],
      [0.000069385, 0.008322272, -0.000001081],
      [-0.005203167, -0.000001081, 0.018408654]
    ],
  "K_vel_pos": [
      [0.000000000, 0.000000000, 0.000000000],
      [0.000000000, 0.000000000, 0.000000000],
      [0.000000000, 0.000000000, 0.000000000]
    ],
  "delta_x": {
    "pos_ned_m": [-9.819198608, -0.034237292, 0.643334627],
    "vel_ned_mps": [0.112866491, -0.001405391, -0.001635597],
    "att_rad": [0.000073981, -0.220438272, 0.005880129],
    "bias_accel_norm": 0.088953853,
    "bias_gyro_norm": 0.045025945,
    "pos_norm_m": 9.840311050,
    "vel_norm_mps": 0.112887084,
    "att_norm_rad": 0.220516697
  },
  "nis": 3.292544,
  "interpretation": "K_vel_pos = P_vel_pos * S_inv; velocity correction only via cross-covariance, not H"
}

{
  "experiment": "GAP-3 GNSS K-block single-fix audit",
  "timestamp_s": 6.053678513,
  "gps_index": 3,
  "accepted": true,
  "measurement_model": {
    "z_observed": "position_only [pN,pE,pD]",
    "z_velocity_in_ekf": false,
    "gps_speed_available_in_log": true,
    "gps_speed_mps": 0.581609,
    "H_on_error_state": "implicit I3 on pos errors; zero on vel/att/bias"
  },
  "z_ned_m": [-28.809191, -4.247542, 27.366808],
  "hx_ned_m": [-10.879726, -0.029647, 1.253011],
  "innovation_ned_m": [-17.929464, -4.217895, 26.113798],
  "x_prior": {"pos_ned_m": [-10.879726, -0.029647, 1.253011], "vel_ned_mps": [-0.648417, 0.007697, -0.096032]},
  "x_post": {"pos_ned_m": [-15.843618, -0.081361, 2.032256], "vel_ned_mps": [-0.608073, 0.009825, -0.122564]},
  "S_m2": [
      [586.439086914, -0.063425183, -1.100083709],
      [-0.063425183, 477.390411377, 0.001099074],
      [-1.100083709, 0.001099074, 482.139526367]
    ],
  "HPH_m2": [
      [112.985008240, -0.063425183, -1.100083709],
      [-0.063425183, 3.936306715, 0.001099074],
      [-1.100083709, 0.001099074, 8.685428619]
    ],
  "R_m2": 473.454102,
  "S_inv": [
      [0.002417464, 0.000000503, 0.000008596],
      [0.000000503, 0.003282866, -0.000000010],
      [0.000008596, -0.000000010, 0.003232500]
    ],
  "P_vel_pos_cross_m2": [
      [0.000000000, 0.000000000, 0.000000000],
      [0.000000000, 0.000000000, 0.000000000],
      [0.000000000, 0.000000000, 0.000000000]
    ],
  "K_pos_pos": [
      [0.273127675, -0.000151337, -0.002584748],
      [-0.000151337, 0.012922334, 0.000002969],
      [-0.002584748, 0.000002969, 0.028066190]
    ],
  "K_vel_pos": [
      [0.000000000, 0.000000000, 0.000000000],
      [0.000000000, 0.000000000, 0.000000000],
      [0.000000000, 0.000000000, 0.000000000]
    ],
  "delta_x": {
    "pos_ned_m": [-4.963891983, -0.051714122, 0.779245436],
    "vel_ned_mps": [0.040344115, 0.002128473, -0.026532231],
    "att_rad": [0.000071758, -0.249933541, -0.031552646],
    "bias_accel_norm": 0.223253936,
    "bias_gyro_norm": 0.039310385,
    "pos_norm_m": 5.024950027,
    "vel_norm_mps": 0.048333608,
    "att_norm_rad": 0.251917332
  },
  "nis": 6.148968,
  "interpretation": "K_vel_pos = P_vel_pos * S_inv; velocity correction only via cross-covariance, not H"
}

{
  "experiment": "GAP-3 GNSS K-block single-fix audit",
  "timestamp_s": 6.922794342,
  "gps_index": 4,
  "accepted": true,
  "measurement_model": {
    "z_observed": "position_only [pN,pE,pD]",
    "z_velocity_in_ekf": false,
    "gps_speed_available_in_log": true,
    "gps_speed_mps": 0.372331,
    "H_on_error_state": "implicit I3 on pos errors; zero on vel/att/bias"
  },
  "z_ned_m": [-28.809191, -4.347250, 27.366810],
  "hx_ned_m": [-34.268806, -0.118885, 2.406748],
  "innovation_ned_m": [5.459616, -4.228365, 24.960062],
  "x_prior": {"pos_ned_m": [-34.268806, -0.118885, 2.406748], "vel_ned_mps": [-0.308532, 0.428899, 0.041048]},
  "x_post": {"pos_ned_m": [-32.619160, -0.194361, 3.285053], "vel_ned_mps": [-0.032017, 0.415756, 0.080479]},
  "S_m2": [
      [466.372589111, 0.157738492, -3.400699854],
      [0.157738492, 304.565460205, -0.006222608],
      [-3.400699854, -0.006222608, 309.205596924]
    ],
  "HPH_m2": [
      [165.696990967, 0.157738492, -3.400699854],
      [0.157738492, 3.889868259, -0.006222608],
      [-3.400699854, -0.006222608, 8.529984474]
    ],
  "R_m2": 300.675598,
  "S_inv": [
      [0.002562561, -0.000001224, 0.000032577],
      [-0.000001224, 0.004263766, 0.000000047],
      [0.000032577, 0.000000047, 0.004181828]
    ],
  "P_vel_pos_cross_m2": [
      [-5.287412167, -0.039651472, 0.313986361],
      [0.156111762, 0.007494294, -0.010666136],
      [-1.091338634, -0.006454804, 0.059836049]
    ],
  "K_pos_pos": [
      [0.408958256, 0.000282307, -0.007513731],
      [0.000282307, 0.016583810, -0.000010830],
      [-0.007513732, -0.000010830, 0.035482369]
    ],
  "K_vel_pos": [
      [-0.006608316, -0.000078851, 0.000556702],
      [0.000145976, 0.000028603, -0.000018116],
      [-0.001724825, -0.000013255, 0.000124510]
    ],
  "delta_x": {
    "pos_ned_m": [1.649648190, -0.075476624, 0.878304362],
    "vel_ned_mps": [0.276515007, -0.013142796, 0.039431170],
    "att_rad": [-0.000645357, 0.032436155, 0.000413359],
    "bias_accel_norm": 0.011905673,
    "bias_gyro_norm": 0.006476894,
    "pos_norm_m": 1.870415568,
    "vel_norm_mps": 0.279621363,
    "att_norm_rad": 0.032445211
  },
  "nis": 3.057445,
  "interpretation": "K_vel_pos = P_vel_pos * S_inv; velocity correction only via cross-covariance, not H"
}

{
  "experiment": "GAP-3 GNSS K-block single-fix audit",
  "timestamp_s": 8.536244392,
  "gps_index": 5,
  "accepted": true,
  "measurement_model": {
    "z_observed": "position_only [pN,pE,pD]",
    "z_velocity_in_ekf": false,
    "gps_speed_available_in_log": true,
    "gps_speed_mps": 0.803098,
    "H_on_error_state": "implicit I3 on pos errors; zero on vel/att/bias"
  },
  "z_ned_m": [-27.961861, -5.463974, 27.366821],
  "hx_ned_m": [-2.753189, -0.825771, 3.250813],
  "innovation_ned_m": [-25.208672, -4.638203, 24.116009],
  "x_prior": {"pos_ned_m": [-2.753189, -0.825771, 3.250813], "vel_ned_mps": [0.847749, 0.141638, -0.015028]},
  "x_post": {"pos_ned_m": [-10.742231, -0.947874, 4.499503], "vel_ned_mps": [0.648383, 0.148348, -0.047348]},
  "S_m2": [
      [307.974365234, 0.217359453, -1.714797497],
      [0.217359453, 234.470916748, -0.002630592],
      [-1.714797497, -0.002630592, 238.837051392]
    ],
  "HPH_m2": [
      [77.329383850, 0.217359453, -1.714797497],
      [0.217359453, 3.825946093, -0.002630592],
      [-1.714797497, -0.002630592, 8.192076683]
    ],
  "R_m2": 230.644974,
  "S_inv": [
      [0.004000114, -0.000005088, 0.000037880],
      [-0.000005088, 0.005635942, 0.000000031],
      [0.000037880, 0.000000031, 0.005500939]
    ],
  "P_vel_pos_cross_m2": [
      [1.620351434, -0.014276342, 0.011826531],
      [-0.107853472, 0.005021853, -0.001132582],
      [0.347374260, -0.000567143, 0.011301094]
    ],
  "K_pos_pos": [
      [0.305552244, 0.000883279, -0.006576184],
      [0.000883279, 0.021561198, -0.000005462],
      [-0.006576184, -0.000005462, 0.044998627]
    ],
  "K_vel_pos": [
      [0.005122812, -0.000069976, 0.000099911],
      [-0.000393001, 0.000028184, -0.000009553],
      [0.001395977, -0.000005033, 0.000075441]
    ],
  "delta_x": {
    "pos_ned_m": [-7.989042282, -0.122102983, 1.248690367],
    "vel_ned_mps": [-0.199365973, 0.006710115, -0.032320209],
    "att_rad": [-0.006915601, -0.038464241, 0.007949905],
    "bias_accel_norm": 0.062233157,
    "bias_gyro_norm": 0.012520080,
    "pos_norm_m": 8.086960793,
    "vel_norm_mps": 0.202080220,
    "att_norm_rad": 0.039881378
  },
  "nis": 6.106249,
  "interpretation": "K_vel_pos = P_vel_pos * S_inv; velocity correction only via cross-covariance, not H"
}

{
  "experiment": "GAP-3 GNSS K-block single-fix audit",
  "timestamp_s": 9.544651985,
  "gps_index": 6,
  "accepted": true,
  "measurement_model": {
    "z_observed": "position_only [pN,pE,pD]",
    "z_velocity_in_ekf": false,
    "gps_speed_available_in_log": true,
    "gps_speed_mps": 0.542723,
    "H_on_error_state": "implicit I3 on pos errors; zero on vel/att/bias"
  },
  "z_ned_m": [-27.961861, -5.763096, 27.366827],
  "hx_ned_m": [-5.921241, -0.881162, 4.494857],
  "innovation_ned_m": [-22.040619, -4.881935, 22.871971],
  "x_prior": {"pos_ned_m": [-5.921241, -0.881162, 4.494857], "vel_ned_mps": [0.200180, -0.138663, -0.154632]},
  "x_post": {"pos_ned_m": [-11.069471, -1.043450, 5.913913], "vel_ned_mps": [0.231118, -0.139387, -0.156884]},
  "S_m2": [
      [212.842254639, 0.247670367, -1.386986494],
      [0.247670367, 177.352249146, -0.000350962],
      [-1.386986494, -0.000350962, 181.427841187]
    ],
  "HPH_m2": [
      [39.235298157, 0.247670367, -1.386986494],
      [0.247670367, 3.745281935, -0.000350962],
      [-1.386986494, -0.000350962, 7.820872784]
    ],
  "R_m2": 173.606964,
  "S_inv": [
      [0.005748216, -0.000010280, 0.000055923],
      [-0.000010280, 0.007220706, -0.000000082],
      [0.000055923, -0.000000082, 0.007014813]
    ],
  "P_vel_pos_cross_m2": [
      [0.000000000, 0.000000000, 0.000000000],
      [0.000000000, 0.000000000, 0.000000000],
      [0.000000000, 0.000000000, 0.000000000]
    ],
  "K_pos_pos": [
      [0.225452840, 0.001385143, -0.007535330],
      [0.001385143, 0.027041035, 0.000011080],
      [-0.007535330, 0.000011080, 0.054784395]
    ],
  "K_vel_pos": [
      [0.000000000, 0.000000000, 0.000000000],
      [0.000000000, 0.000000000, 0.000000000],
      [0.000000000, 0.000000000, 0.000000000]
    ],
  "delta_x": {
    "pos_ned_m": [-5.148230076, -0.162288517, 1.419056296],
    "vel_ned_mps": [0.030937959, -0.000724243, -0.002252314],
    "att_rad": [-0.013343143, -0.030926380, 0.003593957],
    "bias_accel_norm": 0.107277058,
    "bias_gyro_norm": 0.009994844,
    "pos_norm_m": 5.342689514,
    "vel_norm_mps": 0.031028289,
    "att_norm_rad": 0.033873249
  },
  "nis": 6.704659,
  "interpretation": "K_vel_pos = P_vel_pos * S_inv; velocity correction only via cross-covariance, not H"
}

{
  "experiment": "GAP-3 GNSS K-block single-fix audit",
  "timestamp_s": 10.553059578,
  "gps_index": 7,
  "accepted": true,
  "measurement_model": {
    "z_observed": "position_only [pN,pE,pD]",
    "z_velocity_in_ekf": false,
    "gps_speed_available_in_log": true,
    "gps_speed_mps": 2.637817,
    "H_on_error_state": "implicit I3 on pos errors; zero on vel/att/bias"
  },
  "z_ned_m": [-27.114532, -5.543739, 27.366837],
  "hx_ned_m": [-8.172306, -1.218919, 5.726758],
  "innovation_ned_m": [-18.942226, -4.324820, 21.640079],
  "x_prior": {"pos_ned_m": [-8.172306, -1.218919, 5.726758], "vel_ned_mps": [0.941808, -0.502923, -0.315728]},
  "x_post": {"pos_ned_m": [-12.116399, -1.330680, 7.047954], "vel_ned_mps": [1.169747, -0.543481, -0.329370]},
  "S_m2": [
      [166.301727295, -0.090242341, -1.001255751],
      [-0.090242341, 138.407806396, 0.004854243],
      [-1.001255751, 0.004854243, 142.139358521]
    ],
  "HPH_m2": [
      [31.556056976, -0.090242341, -1.001255751],
      [-0.090242341, 3.662145376, 0.004854243],
      [-1.001255751, 0.004854243, 7.393692493]
    ],
  "R_m2": 134.745667,
  "S_inv": [
      [0.006385374, 0.000004475, 0.000048269],
      [0.000004475, 0.007768705, -0.000000251],
      [0.000048269, -0.000000251, 0.007550203]
    ],
  "P_vel_pos_cross_m2": [
      [0.000000000, 0.000000000, 0.000000000],
      [0.000000000, 0.000000000, 0.000000000],
      [0.000000000, 0.000000000, 0.000000000]
    ],
  "K_pos_pos": [
      [0.201448500, -0.000559610, -0.006036486],
      [-0.000559610, 0.028449723, 0.000031376],
      [-0.006036485, 0.000031376, 0.055775549]
    ],
  "K_vel_pos": [
      [0.000000000, 0.000000000, 0.000000000],
      [0.000000000, 0.000000000, 0.000000000],
      [0.000000000, 0.000000000, 0.000000000]
    ],
  "delta_x": {
    "pos_ned_m": [-3.944092989, -0.111760691, 1.321196079],
    "vel_ned_mps": [0.227938920, -0.040558029, -0.013641469],
    "att_rad": [-0.016484525, -0.020571867, 0.004833681],
    "bias_accel_norm": 0.163569465,
    "bias_gyro_norm": 0.005453994,
    "pos_norm_m": 4.160999775,
    "vel_norm_mps": 0.231920660,
    "att_norm_rad": 0.026801227
  },
  "nis": 8.051963,
  "interpretation": "K_vel_pos = P_vel_pos * S_inv; velocity correction only via cross-covariance, not H"
}

{
  "experiment": "GAP-3 GNSS K-block single-fix audit",
  "timestamp_s": 34.268440247,
  "gps_index": 32,
  "accepted": true,
  "measurement_model": {
    "z_observed": "position_only [pN,pE,pD]",
    "z_velocity_in_ekf": false,
    "gps_speed_available_in_log": true,
    "gps_speed_mps": 7.387293,
    "H_on_error_state": "implicit I3 on pos errors; zero on vel/att/bias"
  },
  "z_ned_m": [-129.216965, 96.298836, 31.366816],
  "hx_ned_m": [-5211.338379, 212.842667, -265.501617],
  "innovation_ned_m": [5082.121582, -116.543831, 296.868439],
  "x_prior": {"pos_ned_m": [-5211.338379, 212.842667, -265.501617], "vel_ned_mps": [-12.632067, -17.513948, -5.435925]},
  "x_post": {"pos_ned_m": [59799.015625, -3443.444336, 5737.993652], "vel_ned_mps": [26.516268, 18.338259, 26.266697]},
  "S_m2": [
      [37.479598999, 6.252574921, -10.653867722],
      [6.252574921, 148.167053223, 0.610901892],
      [-10.653867722, 0.610901892, 151.662139893]
    ],
  "HPH_m2": [
      [-107.964004517, 6.252574921, -10.653867722],
      [6.252574921, 2.723450184, 0.610901892],
      [-10.653867722, 0.610901892, 6.218541145]
    ],
  "R_m2": 145.443604,
  "S_inv": [
      [-0.116122693, 0.007082179, -0.011601018],
      [0.007082180, 0.009227891, 0.000652387],
      [-0.011601015, 0.000652387, 0.008185379]
    ],
  "P_vel_pos_cross_m2": [
      [-0.064835526, 0.002996245, -0.010034173],
      [-0.059177749, 0.006399041, -0.008337210],
      [-0.054173153, -0.001017336, 0.008511235]
    ],
  "K_pos_pos": [
      [12.705352783, -0.713894963, 1.169401050],
      [-0.713895082, 0.069813721, -0.065761685],
      [1.169400930, -0.065761670, 0.174900666]
    ],
  "K_vel_pos": [
      [0.007649173, -0.000437085, 0.000670460],
      [0.006999717, -0.000364756, 0.000621193],
      [0.006190121, -0.000387785, 0.000697939]
    ],
  "delta_x": {
    "pos_ned_m": [65010.355468750, -3656.287109375, 6003.495117188],
    "vel_ned_mps": [39.148334503, 35.852207184, 31.702621460],
    "att_rad": [-1.441971898, -1.692740798, 6.107633591],
    "bias_accel_norm": 598.937255859,
    "bias_gyro_norm": 3.388766289,
    "pos_norm_m": 65389.269531250,
    "vel_norm_mps": 61.830646515,
    "att_norm_rad": 6.499834061
  },
  "nis": -3042544.500000,
  "interpretation": "K_vel_pos = P_vel_pos * S_inv; velocity correction only via cross-covariance, not H"
}

{
  "experiment": "GAP-3 GNSS K-block single-fix audit",
  "timestamp_s": 43.268444061,
  "gps_index": 41,
  "accepted": true,
  "measurement_model": {
    "z_observed": "position_only [pN,pE,pD]",
    "z_velocity_in_ekf": false,
    "gps_speed_available_in_log": true,
    "gps_speed_mps": 6.078869,
    "H_on_error_state": "implicit I3 on pos errors; zero on vel/att/bias"
  },
  "z_ned_m": [-162.686157, 112.671516, 33.667202],
  "hx_ned_m": [50404.257812, -2857.070801, 5496.732910],
  "innovation_ned_m": [-50566.945312, 2969.742432, -5463.065918],
  "x_prior": {"pos_ned_m": [50404.257812, -2857.070801, 5496.732910], "vel_ned_mps": [27.586763, 1.933581, 22.894510]},
  "x_post": {"pos_ned_m": [-1526.957031, -1199.697998, -1539.971191], "vel_ned_mps": [-204.661835, 298.258545, 52.059196]},
  "S_m2": [
      [-792.145996094, 23.208488464, -118.714416504],
      [23.208488464, 27.582252502, 3.698313475],
      [-118.714416504, 3.698313475, 15.308051109]
    ],
  "HPH_m2": [
      [-817.145996094, 23.208488464, -118.714416504],
      [23.208488464, 2.582252026, 3.698313475],
      [-118.714416504, 3.698313475, -9.691948891]
    ],
  "R_m2": 25.000000,
  "S_inv": [
      [-0.000526972, 0.001065921, -0.004523160],
      [0.001065921, 0.035386864, -0.000238342],
      [-0.004523160, -0.000238342, 0.030219492]
    ],
  "P_vel_pos_cross_m2": [
      [-3.950291634, 0.109441891, -0.519816995],
      [5.457202911, -0.095142163, 0.715935647],
      [0.701656818, 0.004637809, 0.094376765]
    ],
  "K_pos_pos": [
      [1.013174295, -0.026648082, 0.113078646],
      [-0.026648019, 0.115328327, 0.005958558],
      [0.113079004, 0.005958527, 0.244512737]
    ],
  "K_vel_pos": [
      [0.004356459, -0.000156801, 0.002039870],
      [-0.005446433, 0.002032691, -0.002653488],
      [-0.000508928, 0.000797626, -0.000185798]
    ],
  "delta_x": {
    "pos_ned_m": [-51931.214843750, 1657.372802734, -7036.704101562],
    "vel_ned_mps": [-232.248596191, 296.324951172, 29.164688110],
    "att_rad": [-1.222883701, 4.780406952, -4.329510212],
    "bias_accel_norm": 127.119354248,
    "bias_gyro_norm": 1.342587590,
    "pos_norm_m": 52431.988281250,
    "vel_norm_mps": 377.622131348,
    "att_norm_rad": 6.564479828
  },
  "nis": -2949510.000000,
  "interpretation": "K_vel_pos = P_vel_pos * S_inv; velocity correction only via cross-covariance, not H"
}

{
  "experiment": "GAP-3 GNSS K-block single-fix audit",
  "timestamp_s": 61.268447876,
  "gps_index": 59,
  "accepted": true,
  "measurement_model": {
    "z_observed": "position_only [pN,pE,pD]",
    "z_velocity_in_ekf": false,
    "gps_speed_available_in_log": true,
    "gps_speed_mps": 5.030380,
    "H_on_error_state": "implicit I3 on pos errors; zero on vel/att/bias"
  },
  "z_ned_m": [-230.896912, 20.380774, 33.667019],
  "hx_ned_m": [-2005.540161, -1098.631714, -1265.165894],
  "innovation_ned_m": [1774.643311, 1119.012451, 1298.832886],
  "x_prior": {"pos_ned_m": [-2005.540161, -1098.631714, -1265.165894], "vel_ned_mps": [12.667823, 27.334047, 4.852291]},
  "x_post": {"pos_ned_m": [3071.027344, -658.394897, 2414.335449], "vel_ned_mps": [-76.528503, 45.648918, -27.287861]},
  "S_m2": [
      [2.393747330, -2.339027882, -22.425443649],
      [-2.339027882, 27.836683273, -0.587426662],
      [-22.425443649, -0.587426662, 17.433216095]
    ],
  "HPH_m2": [
      [-22.606252670, -2.339027882, -22.425443649],
      [-2.339027882, 2.836683273, -0.587426662],
      [-22.425443649, -0.587426662, -7.566783905]
    ],
  "R_m2": 25.000000,
  "S_inv": [
      [-0.036839124, -0.004087301, -0.047792230],
      [-0.004087301, 0.035496496, -0.004097713],
      [-0.047792230, -0.004097713, -0.004449439]
    ],
  "P_vel_pos_cross_m2": [
      [0.472968191, -0.026700582, 0.315482259],
      [-0.102206364, 0.032230869, -0.088843852],
      [0.169308797, -0.015083856, 0.118828520]
    ],
  "K_pos_pos": [
      [1.920978189, 0.102182522, 1.194805741],
      [0.102182522, 0.112587556, 0.102442831],
      [1.194805741, 0.102442831, 1.111235976]
    ],
  "K_vel_pos": [
      [-0.031208752, -0.003994413, -0.023044962],
      [0.006625847, 0.001729636, 0.004248347],
      [-0.011291653, -0.001628413, -0.008153015]
    ],
  "delta_x": {
    "pos_ned_m": [5076.567382812, 440.236816406, 3679.501464844],
    "vel_ned_mps": [-89.196327209, 18.314868927, -32.140151978],
    "att_rad": [-0.367158711, 2.507349253, -1.813952565],
    "bias_accel_norm": 19.142358780,
    "bias_gyro_norm": 0.149886489,
    "pos_norm_m": 6285.226562500,
    "vel_norm_mps": 96.562973022,
    "att_norm_rad": 3.116413116
  },
  "nis": -327348.187500,
  "interpretation": "K_vel_pos = P_vel_pos * S_inv; velocity correction only via cross-covariance, not H"
}

{
  "experiment": "GAP-3 GNSS K-block single-fix audit",
  "timestamp_s": 73.268455505,
  "gps_index": 71,
  "accepted": true,
  "measurement_model": {
    "z_observed": "position_only [pN,pE,pD]",
    "z_velocity_in_ekf": false,
    "gps_speed_available_in_log": true,
    "gps_speed_mps": 5.959454,
    "H_on_error_state": "implicit I3 on pos errors; zero on vel/att/bias"
  },
  "z_ned_m": [-283.854919, 20.799707, 33.668133],
  "hx_ned_m": [1314.285278, -855.793945, 1289.731201],
  "innovation_ned_m": [-1598.140137, 876.593628, -1256.063110],
  "x_prior": {"pos_ned_m": [1314.285278, -855.793945, 1289.731201], "vel_ned_mps": [17.047274, -24.403728, -5.192654]},
  "x_post": {"pos_ned_m": [-2532.366211, -2322.702637, 156.629883], "vel_ned_mps": [38.142597, 10.576939, 1.356617]},
  "S_m2": [
      [-2.568595886, -14.848730087, -6.138848305],
      [-14.848730087, 23.307561874, -5.699994564],
      [-6.138848305, -5.699994564, 34.197669983]
    ],
  "HPH_m2": [
      [-27.568595886, -14.848730087, -6.138848305],
      [-14.848730087, -1.692437530, -5.699994564],
      [-6.138848305, -5.699994564, 9.197668076]
    ],
  "R_m2": 25.000000,
  "S_inv": [
      [-0.066495381, -0.047258597, -0.019858671],
      [-0.047258601, 0.011147052, -0.006652146],
      [-0.019858671, -0.006652146, 0.024560165]
    ],
  "P_vel_pos_cross_m2": [
      [0.214722306, 0.029842315, 0.054819293],
      [0.335784256, 0.058718380, 0.095959425],
      [0.061404750, 0.011105997, 0.019289408]
    ],
  "K_pos_pos": [
      [2.662384510, 1.181464791, 0.496466786],
      [1.181464791, 0.721323729, 0.166303620],
      [0.496466815, 0.166303664, 0.385995805]
    ],
  "K_vel_pos": [
      [-0.016384928, -0.009944089, -0.003044882],
      [-0.026783474, -0.015718767, -0.004661939],
      [-0.005037231, -0.002934085, -0.000827914]
    ],
  "delta_x": {
    "pos_ned_m": [-3846.651611328, -1466.908813477, -1133.101318359],
    "vel_ned_mps": [21.095323563, 34.980667114, 6.549271584],
    "att_rad": [-0.206524089, 1.391168833, -1.257703781],
    "bias_accel_norm": 11.838053703,
    "bias_gyro_norm": 0.048241116,
    "pos_norm_m": 4269.949218750,
    "vel_norm_mps": 41.370918274,
    "att_norm_rad": 1.886749029
  },
  "nis": -55048.652344,
  "interpretation": "K_vel_pos = P_vel_pos * S_inv; velocity correction only via cross-covariance, not H"
}

{
  "experiment": "GAP-3 GNSS K-block single-fix audit",
  "timestamp_s": 86.268455505,
  "gps_index": 85,
  "accepted": true,
  "measurement_model": {
    "z_observed": "position_only [pN,pE,pD]",
    "z_velocity_in_ekf": false,
    "gps_speed_available_in_log": true,
    "gps_speed_mps": 7.086696,
    "H_on_error_state": "implicit I3 on pos errors; zero on vel/att/bias"
  },
  "z_ned_m": [-332.152374, 26.962009, 37.669548],
  "hx_ned_m": [-704.810608, -1264.625854, 329.157135],
  "innovation_ned_m": [372.658234, 1291.587891, -291.487579],
  "x_prior": {"pos_ned_m": [-704.810608, -1264.625854, 329.157135], "vel_ned_mps": [-24.573620, -7.955229, -0.607549]},
  "x_post": {"pos_ned_m": [3895.578125, 3628.333496, 2939.973877], "vel_ned_mps": [19.322449, -49.904549, 18.346025]},
  "S_m2": [
      [17.029912949, -15.362339973, -8.918955803],
      [-15.362339973, 16.057176590, -8.652890205],
      [-8.918955803, -8.652890205, 26.265941620]
    ],
  "HPH_m2": [
      [-7.970087528, -15.362339973, -8.918955803],
      [-15.362339973, -8.942823410, -8.652890205],
      [-8.918955803, -8.652890205, 1.265941858]
    ],
  "R_m2": 25.000000,
  "S_inv": [
      [-0.087418504, -0.121317267, -0.069737062],
      [-0.121317267, -0.092589088, -0.071792275],
      [-0.069737047, -0.071792267, -0.009307611]
    ],
  "P_vel_pos_cross_m2": [
      [-0.129710093, -0.066892803, -0.107427560],
      [0.128979608, 0.072584748, 0.087023094],
      [-0.055325486, -0.032261774, -0.043107778]
    ],
  "K_pos_pos": [
      [3.185462475, 3.032931805, 1.743426442],
      [3.032931328, 3.314727068, 1.794806957],
      [1.743425965, 1.794806600, 1.232690334]
    ],
  "K_vel_pos": [
      [0.026819946, 0.029503608, 0.014777683],
      [-0.025899230, -0.028341297, -0.014872588],
      [0.011725193, 0.012759459, 0.006557636]
    ],
  "delta_x": {
    "pos_ned_m": [4600.388671875, 4892.959472656, 2610.816650391],
    "vel_ned_mps": [43.896068573, -41.949321747, 18.953575134],
    "att_rad": [-0.190940127, 2.432105303, -2.460704327],
    "bias_accel_norm": 41.268417358,
    "bias_gyro_norm": 0.096477859,
    "pos_norm_m": 7205.622070312,
    "vel_norm_mps": 63.606983185,
    "att_norm_rad": 3.465062857
  },
  "nis": -215355.906250,
  "interpretation": "K_vel_pos = P_vel_pos * S_inv; velocity correction only via cross-covariance, not H"
}

{
  "experiment": "GAP-3 GNSS K-block single-fix audit",
  "timestamp_s": 122.268470764,
  "gps_index": 121,
  "accepted": true,
  "measurement_model": {
    "z_observed": "position_only [pN,pE,pD]",
    "z_velocity_in_ekf": false,
    "gps_speed_available_in_log": true,
    "gps_speed_mps": 19.816290,
    "H_on_error_state": "implicit I3 on pos errors; zero on vel/att/bias"
  },
  "z_ned_m": [-707.081116, -444.138306, 37.708221],
  "hx_ned_m": [-1249.197388, -1880.108643, 56.331314],
  "innovation_ned_m": [542.116272, 1435.970337, -18.623093],
  "x_prior": {"pos_ned_m": [-1249.197388, -1880.108643, 56.331314], "vel_ned_mps": [-1.349090, -12.266828, 5.914067]},
  "x_post": {"pos_ned_m": [139.506348, 2826.720459, 7112.795410], "vel_ned_mps": [-1.449293, -12.285224, 5.926415]},
  "S_m2": [
      [38.088661194, -0.151067972, -6.403337479],
      [-0.151067972, 21.004673004, -14.766558647],
      [-6.403337479, -14.766558647, 7.658689499]
    ],
  "HPH_m2": [
      [13.088660240, -0.151067972, -6.403337479],
      [-0.151067972, -3.995327234, -14.766558647],
      [-6.403337479, -14.766558647, -17.341310501]
    ],
  "R_m2": 25.000000,
  "S_inv": [
      [0.018638428, -0.031196788, -0.044566508],
      [-0.031196788, -0.081716165, -0.183638483],
      [-0.044566512, -0.183638483, -0.260760397]
    ],
  "P_vel_pos_cross_m2": [
      [0.000000000, 0.000000000, 0.000000000],
      [0.000000000, 0.000000000, 0.000000000],
      [0.000000000, 0.000000000, 0.000000000]
    ],
  "K_pos_pos": [
      [0.534039259, 0.779919684, 1.114162922],
      [0.779919684, 3.042904139, 4.590961933],
      [1.114162803, 4.590961933, 7.519009590]
    ],
  "K_vel_pos": [
      [0.000000000, 0.000000000, 0.000000000],
      [0.000000000, 0.000000000, 0.000000000],
      [0.000000000, 0.000000000, 0.000000000]
    ],
  "delta_x": {
    "pos_ned_m": [1388.703735352, 4706.829101562, 7056.463867188],
    "vel_ned_mps": [-0.100202739, -0.018396158, 0.012348413],
    "att_rad": [-0.139368877, 4.902290344, -3.500389576],
    "bias_accel_norm": 97.559387207,
    "bias_gyro_norm": 0.347614616,
    "pos_norm_m": 8595.139648438,
    "vel_norm_mps": 0.102623053,
    "att_norm_rad": 6.025330067
  },
  "nis": -197634.421875,
  "interpretation": "K_vel_pos = P_vel_pos * S_inv; velocity correction only via cross-covariance, not H"
}

{
  "experiment": "GAP-3 GNSS K-block single-fix audit",
  "timestamp_s": 192.268493652,
  "gps_index": 191,
  "accepted": true,
  "measurement_model": {
    "z_observed": "position_only [pN,pE,pD]",
    "z_velocity_in_ekf": false,
    "gps_speed_available_in_log": true,
    "gps_speed_mps": 18.727654,
    "H_on_error_state": "implicit I3 on pos errors; zero on vel/att/bias"
  },
  "z_ned_m": [-1484.747681, -1662.932739, 46.027988],
  "hx_ned_m": [225.010193, 3262.088379, 7874.379883],
  "innovation_ned_m": [-1709.757812, -4925.020996, -7828.352051],
  "x_prior": {"pos_ned_m": [225.010193, 3262.088379, 7874.379883], "vel_ned_mps": [-0.502237, 0.675759, 0.318128]},
  "x_post": {"pos_ned_m": [306970.031250, 95941.671875, -692036.312500], "vel_ned_mps": [-4692.354004, -4314.111816, -735.333862]},
  "S_m2": [
      [28.718315125, 13.694103241, 14.664398193],
      [13.694103241, 39.450641632, 11.492973328],
      [14.664398193, 11.492973328, 7.895956039]
    ],
  "HPH_m2": [
      [3.718315363, 13.694103241, 14.664398193],
      [13.694103241, 14.450641632, 11.492973328],
      [14.664398193, 11.492973328, -17.104043961]
    ],
  "R_m2": 25.000000,
  "S_inv": [
      [-0.818056643, -0.277856469, 1.929128528],
      [-0.277856529, -0.050291944, 0.590914488],
      [1.929128647, 0.590914488, -4.328397751]
    ],
  "P_vel_pos_cross_m2": [
      [0.096702196, -0.050192572, -0.134339720],
      [-0.038513370, -0.000433921, -0.173780769],
      [0.019621709, -0.014623057, -0.019945389]
    ],
  "K_pos_pos": [
      [21.451414108, 6.946412086, -48.228218079],
      [6.946413040, 2.257299185, -14.772863388],
      [-48.228218079, -14.772861481, 109.209945679]
    ],
  "K_vel_pos": [
      [-0.322646827, -0.103193805, 0.734559357],
      [-0.302272081, -0.091557942, 0.674631119],
      [-0.050361712, -0.016469533, 0.115307003]
    ],
  "delta_x": {
    "pos_ned_m": [306745.031250000, 92679.585937500, -699910.687500000],
    "vel_ned_mps": [-4691.851562500, -4314.787597656, -735.651977539],
    "att_rad": [-215.821258545, 2001.362670898, -284.638519287],
    "bias_accel_norm": 8923.896484375,
    "bias_gyro_norm": 50.611587524,
    "pos_norm_m": 769777.250000000,
    "vel_norm_mps": 6416.544921875,
    "att_norm_rad": 2032.990478516
  },
  "nis": -176440016.000000,
  "interpretation": "K_vel_pos = P_vel_pos * S_inv; velocity correction only via cross-covariance, not H"
}

