{
  "experiment": "GAP-3 GNSS K-block single-fix audit",
  "timestamp_s": 5.664433479,
  "gps_index": 2,
  "accepted": true,
  "measurement_model": {
    "z_observed": "position_only [pN,pE,pD]",
    "z_velocity_in_ekf": false,
    "gps_speed_available_in_log": true,
    "gps_speed_mps": 0.424810,
    "H_on_error_state": "implicit I3 on pos errors; zero on vel/att/bias"
  },
  "z_ned_m": [-29.232857, -3.868654, 27.366802],
  "hx_ned_m": [-0.228882, -0.000005, 0.617539],
  "innovation_ned_m": [-29.003975, -3.868649, 26.749264],
  "x_prior": {"pos_ned_m": [-0.228882, -0.000005, 0.617539], "vel_ned_mps": [0.055701, -0.000817, -0.002579]},
  "x_post": {"pos_ned_m": [-1.460611, -0.033230, 1.125167], "vel_ned_mps": [0.167349, -0.002222, 0.002141]},
  "S_m2": [
      [626.027526855, 0.049725723, -3.766936541],
      [0.049725723, 392.812255859, -0.000789209],
      [-3.766936541, -0.000789209, 397.738037109]
    ],
  "HPH_m2": [
      [237.188583374, 0.049725723, -3.766936541],
      [0.049725723, 3.973284483, -0.000789209],
      [-3.766936541, -0.000789209, 8.899072647]
    ],
  "R_m2": 388.838959,
  "S_inv": [
      [0.002011529, -0.000000013, 0.000001440],
      [-0.000000013, 0.002094559, 0.000000000],
      [0.000001440, 0.000000000, 0.002073406]
    ],
  "P_vel_pos_cross_m2": [
      [0.000000000, 0.000000000, 0.000000000],
      [0.000000000, 0.000000000, 0.000000000],
      [0.000000000, 0.000000000, 0.000000000]
    ],
  "K_pos_pos": [
      [0.047633097, 0.000006280, -0.000681865],
      [0.000006280, 0.008322233, -0.000000083],
      [-0.000681865, -0.000000083, 0.018337203]
    ],
  "K_vel_pos": [
      [0.006901104, 0.000001519, -0.000109057],
      [0.000000993, 0.000010804, -0.000000017],
      [-0.000195814, -0.000000038, 0.000023987]
    ],
  "delta_x": {
    "pos_ned_m": [-1.231728077, -0.033224851, 0.507627726],
    "vel_ned_mps": [0.111648187, -0.001405558, 0.004720203],
    "att_rad": [0.000044834, 0.022349343, 0.007056310],
    "bias_accel_norm": 0.032178674,
    "bias_gyro_norm": 0.008439730,
    "pos_norm_m": 1.332645416,
    "vel_norm_mps": 0.111756757,
    "att_norm_rad": 0.023436865
  },
  "nis": 3.292544,
  "interpretation": "K_vel_pos = P_vel_pos * S_inv; velocity correction only via cross-covariance, not H"
}

{
  "experiment": "GAP-3 GNSS K-block single-fix audit",
  "timestamp_s": 6.053678513,
  "gps_index": 3,
  "accepted": true,
  "measurement_model": {
    "z_observed": "position_only [pN,pE,pD]",
    "z_velocity_in_ekf": false,
    "gps_speed_available_in_log": true,
    "gps_speed_mps": 0.581609,
    "H_on_error_state": "implicit I3 on pos errors; zero on vel/att/bias"
  },
  "z_ned_m": [-28.809191, -4.247542, 27.366808],
  "hx_ned_m": [-1.261793, -0.037239, 1.122855],
  "innovation_ned_m": [-27.547398, -4.210303, 26.243954],
  "x_prior": {"pos_ned_m": [-1.261793, -0.037239, 1.122855], "vel_ned_mps": [0.185436, 0.006492, -0.000939]},
  "x_post": {"pos_ned_m": [-14.958564, -0.102661, 2.065313], "vel_ned_mps": [0.291121, 0.003927, 0.000265]},
  "S_m2": [
      [865.744506836, 0.158389941, -6.103402138],
      [0.158389941, 477.394470215, -0.002425242],
      [-6.103402138, -0.002425242, 482.227630615]
    ],
  "HPH_m2": [
      [392.290435791, 0.158389941, -6.103402138],
      [0.158389941, 3.940368891, -0.002425242],
      [-6.103402138, -0.002425242, 8.773529053]
    ],
  "R_m2": 473.454102,
  "S_inv": [
      [0.001646385, -0.000001052, 0.000025312],
      [-0.000001052, 0.003282823, 0.000000016],
      [0.000025312, 0.000000016, 0.003232159]
    ],
  "P_vel_pos_cross_m2": [
      [0.000000000, 0.000000000, 0.000000000],
      [0.000000000, 0.000000000, 0.000000000],
      [0.000000000, 0.000000000, 0.000000000]
    ],
  "K_pos_pos": [
      [0.504972160, 0.000316394, -0.007610769],
      [0.000316394, 0.012935183, -0.000004699],
      [-0.007610770, -0.000004699, 0.028168526]
    ],
  "K_vel_pos": [
      [0.015504663, -0.000023990, -0.000240918],
      [0.000949995, 0.000025048, -0.000014319],
      [-0.000112663, 0.000000695, 0.000013699]
    ],
  "delta_x": {
    "pos_ned_m": [-13.696770668, -0.065422453, 0.942457557],
    "vel_ned_mps": [0.105684906, -0.002564302, 0.001204127],
    "att_rad": [-0.001034936, -0.240345851, 0.050996494],
    "bias_accel_norm": 0.100925341,
    "bias_gyro_norm": 0.044986133,
    "pos_norm_m": 13.729313850,
    "vel_norm_mps": 0.105722874,
    "att_norm_rad": 0.245698690
  },
  "nis": 3.663097,
  "interpretation": "K_vel_pos = P_vel_pos * S_inv; velocity correction only via cross-covariance, not H"
}

{
  "experiment": "GAP-3 GNSS K-block single-fix audit",
  "timestamp_s": 6.922794342,
  "gps_index": 4,
  "accepted": true,
  "measurement_model": {
    "z_observed": "position_only [pN,pE,pD]",
    "z_velocity_in_ekf": false,
    "gps_speed_available_in_log": true,
    "gps_speed_mps": 0.372331,
    "H_on_error_state": "implicit I3 on pos errors; zero on vel/att/bias"
  },
  "z_ned_m": [-28.809191, -4.347250, 27.366810],
  "hx_ned_m": [-81.366745, 0.531836, 2.968056],
  "innovation_ned_m": [52.557556, -4.879085, 24.398754],
  "x_prior": {"pos_ned_m": [-81.366745, 0.531836, 2.968056], "vel_ned_mps": [-0.574817, 3.081440, -0.575654]},
  "x_post": {"pos_ned_m": [-35.705086, 0.206180, 3.182670], "vel_ned_mps": [-1.238807, 2.309360, -0.196702]},
  "S_m2": [
      [1537.091552734, -5.917620659, -18.138462067],
      [-5.917620659, 304.603515625, 0.086172715],
      [-18.138462067, 0.086172715, 309.382812500]
    ],
  "HPH_m2": [
      [1236.415893555, -5.917620659, -18.138462067],
      [-5.917620659, 3.927920818, 0.086172715],
      [-18.138462067, 0.086172715, 8.707221985]
    ],
  "R_m2": 300.675598,
  "S_inv": [
      [0.000791559, 0.000014804, 0.000050201],
      [0.000014804, 0.004263553, -0.000000199],
      [0.000050201, -0.000000199, 0.004181883]
    ],
  "P_vel_pos_cross_m2": [
      [-16.291751862, 0.121941313, 0.237165689],
      [-18.610300064, 0.140846863, 0.272493005],
      [9.234265327, -0.068924487, -0.127674103]
    ],
  "K_pos_pos": [
      [0.817430854, -0.003414501, -0.011578498],
      [-0.003414503, 0.016632851, 0.000045908],
      [-0.011578497, 0.000045908, 0.035469804]
    ],
  "K_vel_pos": [
      [-0.009554542, 0.000205864, 0.000128176],
      [-0.011012172, 0.000243890, 0.000154321],
      [0.005495852, -0.000117604, -0.000045500]
    ],
  "delta_x": {
    "pos_ned_m": [45.661659241, -0.325655520, 0.214613944],
    "vel_ned_mps": [-0.663990259, -0.772080660, 0.378951609],
    "att_rad": [-0.000542488, -0.195995986, -0.113072515],
    "bias_accel_norm": 0.862874627,
    "bias_gyro_norm": 0.014610612,
    "pos_norm_m": 45.663322449,
    "vel_norm_mps": 1.086552262,
    "att_norm_rad": 0.226274416
  },
  "nis": 8.617642,
  "interpretation": "K_vel_pos = P_vel_pos * S_inv; velocity correction only via cross-covariance, not H"
}

{
  "experiment": "GAP-3 GNSS K-block single-fix audit",
  "timestamp_s": 8.536244392,
  "gps_index": 5,
  "accepted": true,
  "measurement_model": {
    "z_observed": "position_only [pN,pE,pD]",
    "z_velocity_in_ekf": false,
    "gps_speed_available_in_log": true,
    "gps_speed_mps": 0.803098,
    "H_on_error_state": "implicit I3 on pos errors; zero on vel/att/bias"
  },
  "z_ned_m": [-27.961861, -5.463974, 27.366821],
  "hx_ned_m": [-81.539413, -5.267528, 3.051559],
  "innovation_ned_m": [53.577553, -0.196446, 24.315262],
  "x_prior": {"pos_ned_m": [-81.539413, -5.267528, 3.051559], "vel_ned_mps": [-0.844681, 0.030317, -0.099214]},
  "x_post": {"pos_ned_m": [-57.104534, -5.305362, 3.840686], "vel_ned_mps": [-0.840988, 0.017961, -0.075054]},
  "S_m2": [
      [378.482025146, -0.179467633, -1.860803723],
      [-0.179467633, 234.521240234, 0.017979881],
      [-1.860803723, 0.017979881, 238.856979370]
    ],
  "HPH_m2": [
      [147.837051392, -0.179467633, -1.860803723],
      [-0.179467633, 3.876266956, 0.017979881],
      [-1.860803723, 0.017979881, 8.212011337]
    ],
  "R_m2": 230.644974,
  "S_inv": [
      [0.003111624, 0.000003299, 0.000031934],
      [0.000003299, 0.005634403, -0.000000492],
      [0.000031934, -0.000000492, 0.005500321]
    ],
  "P_vel_pos_cross_m2": [
      [0.000000000, 0.000000000, 0.000000000],
      [0.000000000, 0.000000000, 0.000000000],
      [0.000000000, 0.000000000, 0.000000000]
    ],
  "K_pos_pos": [
      [0.459800392, -0.000572704, -0.005543989],
      [-0.000572705, 0.021828419, 0.000085486],
      [-0.005543991, 0.000085486, 0.045106035]
    ],
  "K_vel_pos": [
      [-0.000126766, 0.000129748, -0.000001190],
      [0.001002851, 0.000346476, 0.000199888],
      [0.000490240, 0.000021029, 0.000143542]
    ],
  "delta_x": {
    "pos_ned_m": [24.434879303, -0.037834674, 0.789127052],
    "vel_ned_mps": [0.003692894, -0.012356222, 0.024160415],
    "att_rad": [-0.006525158, 0.018669959, -0.000839236],
    "bias_accel_norm": 0.053031836,
    "bias_gyro_norm": 0.013572109,
    "pos_norm_m": 24.447649002,
    "vel_norm_mps": 0.027386846,
    "att_norm_rad": 0.019795185
  },
  "nis": 13.282353,
  "interpretation": "K_vel_pos = P_vel_pos * S_inv; velocity correction only via cross-covariance, not H"
}

{
  "experiment": "GAP-3 GNSS K-block single-fix audit",
  "timestamp_s": 9.544651985,
  "gps_index": 6,
  "accepted": true,
  "measurement_model": {
    "z_observed": "position_only [pN,pE,pD]",
    "z_velocity_in_ekf": false,
    "gps_speed_available_in_log": true,
    "gps_speed_mps": 0.542723,
    "H_on_error_state": "implicit I3 on pos errors; zero on vel/att/bias"
  },
  "z_ned_m": [-27.961861, -5.763096, 27.366827],
  "hx_ned_m": [-54.798084, -5.211771, 4.359081],
  "innovation_ned_m": [26.836224, -0.551326, 23.007746],
  "x_prior": {"pos_ned_m": [-54.798084, -5.211771, 4.359081], "vel_ned_mps": [0.326257, -0.001453, 0.876394]},
  "x_post": {"pos_ned_m": [-44.964043, -5.245975, 5.497001], "vel_ned_mps": [0.319325, -0.024638, 0.872594]},
  "S_m2": [
      [253.065719604, -0.078144446, -0.999602497],
      [-0.078144446, 177.426910400, 0.013879267],
      [-0.999602497, 0.013879267, 181.423965454]
    ],
  "HPH_m2": [
      [79.458755493, -0.078144446, -0.999602497],
      [-0.078144446, 3.819946289, 0.013879267],
      [-0.999602497, 0.013879267, 7.816998005]
    ],
  "R_m2": 173.606964,
  "S_inv": [
      [0.004668899, 0.000002808, 0.000032799],
      [0.000002808, 0.007216904, -0.000000645],
      [0.000032799, -0.000000645, 0.007014704]
    ],
  "P_vel_pos_cross_m2": [
      [0.000000000, 0.000000000, 0.000000000],
      [0.000000000, 0.000000000, 0.000000000],
      [0.000000000, 0.000000000, 0.000000000]
    ],
  "K_pos_pos": [
      [0.370886117, -0.000378378, -0.004419587],
      [-0.000378378, 0.027553434, 0.000086952],
      [-0.004419586, 0.000086952, 0.054799110]
    ],
  "K_vel_pos": [
      [0.000320388, 0.000135306, 0.000026970],
      [0.000739079, 0.000450364, 0.000173777],
      [0.000132760, 0.000281435, 0.000164450]
    ],
  "delta_x": {
    "pos_ned_m": [9.834042549, -0.034204870, 1.137919903],
    "vel_ned_mps": [-0.006932373, -0.023184720, -0.003800087],
    "att_rad": [-0.007901482, 0.008214796, -0.008968517],
    "bias_accel_norm": 0.028100241,
    "bias_gyro_norm": 0.005677496,
    "pos_norm_m": 9.899718285,
    "vel_norm_mps": 0.024495505,
    "att_norm_rad": 0.014503469
  },
  "nis": 7.197906,
  "interpretation": "K_vel_pos = P_vel_pos * S_inv; velocity correction only via cross-covariance, not H"
}

{
  "experiment": "GAP-3 GNSS K-block single-fix audit",
  "timestamp_s": 10.553059578,
  "gps_index": 7,
  "accepted": true,
  "measurement_model": {
    "z_observed": "position_only [pN,pE,pD]",
    "z_velocity_in_ekf": false,
    "gps_speed_available_in_log": true,
    "gps_speed_mps": 2.637817,
    "H_on_error_state": "implicit I3 on pos errors; zero on vel/att/bias"
  },
  "z_ned_m": [-27.114532, -5.543739, 27.366837],
  "hx_ned_m": [-34.580208, -2.826904, 7.803659],
  "innovation_ned_m": [7.465675, -2.716835, 19.563177],
  "x_prior": {"pos_ned_m": [-34.580208, -2.826904, 7.803659], "vel_ned_mps": [0.954509, 0.582471, 1.067380]},
  "x_post": {"pos_ned_m": [-32.535999, -2.833651, 8.910339], "vel_ned_mps": [0.971490, 0.692321, 1.126669]},
  "S_m2": [
      [184.303726196, 0.016676219, -0.583193481],
      [0.016676219, 138.737854004, 0.172335446],
      [-0.583193481, 0.172335446, 142.230484009]
    ],
  "HPH_m2": [
      [49.558063507, 0.016676219, -0.583193481],
      [0.016676219, 3.992192984, 0.172335446],
      [-0.583193481, 0.172335446, 7.484819412]
    ],
  "R_m2": 134.745667,
  "S_inv": [
      [0.005727623, 0.000000721, 0.000026073],
      [0.000000721, 0.007752242, -0.000008101],
      [0.000026073, -0.000008101, 0.007545925]
    ],
  "P_vel_pos_cross_m2": [
      [-0.042665526, 0.051026132, 0.029080482],
      [0.241124406, 0.391139597, 0.233864173],
      [0.112017609, 0.211065859, 0.137650818]
    ],
  "K_pos_pos": [
      [0.283706516, -0.000090179, -0.003260650],
      [-0.000090179, 0.030508745, 0.001013061],
      [-0.003260650, 0.001013061, 0.056310650]
    ],
  "K_vel_pos": [
      [-0.000278592, 0.000312351, 0.000169613],
      [0.001146943, 0.002480632, 0.001447416],
      [0.000521155, 0.001350816, 0.000874198]
    ],
  "delta_x": {
    "pos_ned_m": [2.044209003, -0.006747557, 1.106679916],
    "vel_ned_mps": [0.016980985, 0.109850198, 0.059288602],
    "att_rad": [0.000213110, 0.004539706, 0.006322592],
    "bias_accel_norm": 0.030039020,
    "bias_gyro_norm": 0.002653169,
    "pos_norm_m": 2.324559450,
    "vel_norm_mps": 0.125978410,
    "att_norm_rad": 0.007786495
  },
  "nis": 4.348788,
  "interpretation": "K_vel_pos = P_vel_pos * S_inv; velocity correction only via cross-covariance, not H"
}

{
  "experiment": "GAP-3 GNSS K-block single-fix audit",
  "timestamp_s": 25.268436432,
  "gps_index": 22,
  "accepted": true,
  "measurement_model": {
    "z_observed": "position_only [pN,pE,pD]",
    "z_velocity_in_ekf": false,
    "gps_speed_available_in_log": true,
    "gps_speed_mps": 4.654633,
    "H_on_error_state": "implicit I3 on pos errors; zero on vel/att/bias"
  },
  "z_ned_m": [-100.831863, 66.525543, 27.366484],
  "hx_ned_m": [-63.659351, 46.776791, 39.135899],
  "innovation_ned_m": [-37.172512, 19.748753, -11.769415],
  "x_prior": {"pos_ned_m": [-63.659351, 46.776791, 39.135899], "vel_ned_mps": [-5.939982, 1.597754, 5.548742]},
  "x_post": {"pos_ned_m": [-70.540039, 45.141399, 38.369053], "vel_ned_mps": [-5.673847, 1.574120, 5.461392]},
  "S_m2": [
      [184.639007568, -8.134626389, -3.902152300],
      [-8.134626389, 129.638381958, -5.140964985],
      [-3.902152300, -5.140964985, 158.524139404]
    ],
  "HPH_m2": [
      [32.856616974, -8.134626389, -3.902152300],
      [-8.134626389, -22.144012451, -5.140964985],
      [-3.902152300, -5.140964985, 6.741749763]
    ],
  "R_m2": 151.782394,
  "S_inv": [
      [0.005334273, 0.000328599, 0.000137555],
      [0.000328599, 0.007551545, 0.000251989],
      [0.000137555, 0.000251989, 0.006186686]
    ],
  "P_vel_pos_cross_m2": [
      [0.000000000, 0.000000000, 0.000000000],
      [0.000000000, 0.000000000, 0.000000000],
      [0.000000000, 0.000000000, 0.000000000]
    ],
  "K_pos_pos": [
      [0.171845675, -0.051015493, -0.021355627],
      [-0.051015496, -0.172389507, -0.039121632],
      [-0.021355625, -0.039121635, 0.039507005]
    ],
  "K_vel_pos": [
      [0.001372341, -0.004081496, -0.002134631],
      [0.000258949, 0.001083037, 0.000417464],
      [-0.000682544, 0.002906538, 0.001491991]
    ],
  "delta_x": {
    "pos_ned_m": [-6.880685806, -1.635390282, -0.766844511],
    "vel_ned_mps": [0.266135305, -0.023634108, -0.087349631],
    "att_rad": [0.001641390, -0.000959987, 0.004408492],
    "bias_accel_norm": 0.023183700,
    "bias_gyro_norm": 0.000398906,
    "pos_norm_m": 7.113816738,
    "vel_norm_mps": 0.281098783,
    "att_norm_rad": 0.004801097
  },
  "nis": 14.444226,
  "interpretation": "K_vel_pos = P_vel_pos * S_inv; velocity correction only via cross-covariance, not H"
}

{
  "experiment": "GAP-3 GNSS K-block single-fix audit",
  "timestamp_s": 25.357677460,
  "gps_index": 23,
  "accepted": true,
  "measurement_model": {
    "z_observed": "position_only [pN,pE,pD]",
    "z_velocity_in_ekf": false,
    "gps_speed_available_in_log": true,
    "gps_speed_mps": 0.000000,
    "H_on_error_state": "implicit I3 on pos errors; zero on vel/att/bias"
  },
  "z_ned_m": [-100.831802, 66.525505, 31.366484],
  "hx_ned_m": [-68.977325, 56.942364, 43.155254],
  "innovation_ned_m": [-31.854477, 9.583141, -11.788771],
  "x_prior": {"pos_ned_m": [-68.977325, 56.942364, 43.155254], "vel_ned_mps": [-5.747069, 1.425575, 5.490113]},
  "x_post": {"pos_ned_m": [-73.435135, 57.186913, 42.955471], "vel_ned_mps": [-5.751987, 1.424467, 5.492698]},
  "S_m2": [
      [181.853149414, -8.700258255, -3.603749514],
      [-8.700258255, 125.562286377, -6.993261814],
      [-3.603749514, -6.993261814, 161.106704712]
    ],
  "HPH_m2": [
      [26.601549149, -8.700258255, -3.603749514],
      [-8.700258255, -29.689313889, -6.993261814],
      [-3.603749514, -6.993261814, 5.855106354]
    ],
  "R_m2": 155.251602,
  "S_inv": [
      [0.005042254, 0.000313119, 0.000114258],
      [0.000313119, 0.007042872, 0.000282723],
      [0.000114258, 0.000282723, 0.005625094]
    ],
  "P_vel_pos_cross_m2": [
      [0.025148572, -0.058618646, -0.033556115],
      [0.014101828, 0.033400159, 0.010062156],
      [-0.010340702, 0.049065020, 0.025548894]
    ],
  "K_pos_pos": [
      [0.130995795, -0.053964227, -0.019691747],
      [-0.053964227, -0.213799402, -0.048725672],
      [-0.019691749, -0.048725680, 0.030546611]
    ],
  "K_vel_pos": [
      [0.000104617, -0.000414456, -0.000202456],
      [0.000082713, 0.000242493, 0.000067655],
      [-0.000033858, 0.000349544, 0.000156405]
    ],
  "delta_x": {
    "pos_ned_m": [-4.457807541, 0.244548202, -0.199781746],
    "vel_ned_mps": [-0.004917604, -0.001108495, 0.002584437],
    "att_rad": [-0.002339343, 0.000415239, -0.000465838],
    "bias_accel_norm": 0.019062432,
    "bias_gyro_norm": 0.000322121,
    "pos_norm_m": 4.468977928,
    "vel_norm_mps": 0.005664884,
    "att_norm_rad": 0.002421147
  },
  "nis": 6.375721,
  "interpretation": "K_vel_pos = P_vel_pos * S_inv; velocity correction only via cross-covariance, not H"
}

{
  "experiment": "GAP-3 GNSS K-block single-fix audit",
  "timestamp_s": 31.268438339,
  "gps_index": 29,
  "accepted": true,
  "measurement_model": {
    "z_observed": "position_only [pN,pE,pD]",
    "z_velocity_in_ekf": false,
    "gps_speed_available_in_log": true,
    "gps_speed_mps": 4.193957,
    "H_on_error_state": "implicit I3 on pos errors; zero on vel/att/bias"
  },
  "z_ned_m": [-114.812569, 81.342339, 31.366619],
  "hx_ned_m": [-115.288261, 194.015320, 125.108376],
  "innovation_ned_m": [0.475693, -112.672981, -93.741760],
  "x_prior": {"pos_ned_m": [-115.288261, 194.015320, 125.108376], "vel_ned_mps": [-7.650438, -1.761461, 3.215236]},
  "x_post": {"pos_ned_m": [-186.268219, -506.989807, -81.323357], "vel_ned_mps": [-5.674016, -1.199967, 9.261293]},
  "S_m2": [
      [195.857666016, -23.469537735, -15.318316460],
      [-23.469537735, 11.935058594, -42.128253937],
      [-15.318316460, -42.128253937, 162.517807007]
    ],
  "HPH_m2": [
      [33.448112488, -23.469537735, -15.318316460],
      [-23.469537735, -150.474487305, -42.128253937],
      [-15.318316460, -42.128253937, 0.108267576]
    ],
  "R_m2": 162.409546,
  "S_inv": [
      [0.005263779, -0.004266059, -0.000951693],
      [-0.004266060, -0.030471785, -0.010531597],
      [-0.000951693, -0.010531596, 0.003648111]
    ],
  "P_vel_pos_cross_m2": [
      [0.000000000, 0.000000000, 0.000000000],
      [0.000000000, 0.000000000, 0.000000000],
      [0.000000000, 0.000000000, 0.000000000]
    ],
  "K_pos_pos": [
      [0.257099777, 0.602087855, 0.134316608],
      [0.602087796, 5.300616741, 1.486370564],
      [0.134316549, 1.486370444, 0.485126078]
    ],
  "K_vel_pos": [
      [0.025693102, 0.102128416, 0.019864725],
      [0.005384979, 0.015455195, 0.001657939],
      [-0.012910658, -0.053597763, -0.010547263]
    ],
  "delta_x": {
    "pos_ned_m": [-70.979965210, -701.005126953, -206.431732178],
    "vel_ned_mps": [1.976422310, 0.561493874, 6.046056747],
    "att_rad": [0.064785630, -0.046631698, 0.139299482],
    "bias_accel_norm": 3.807233810,
    "bias_gyro_norm": 0.032666896,
    "pos_norm_m": 734.207336426,
    "vel_norm_mps": 6.385633945,
    "att_norm_rad": 0.160549179
  },
  "nis": -496.813141,
  "interpretation": "K_vel_pos = P_vel_pos * S_inv; velocity correction only via cross-covariance, not H"
}

