{
  "experiment": "GAP-3 GNSS K-block single-fix audit",
  "timestamp_s": 5.664433479,
  "gps_index": 2,
  "accepted": true,
  "measurement_model": {
    "z_observed": "position_only [pN,pE,pD]",
    "z_velocity_in_ekf": false,
    "gps_speed_available_in_log": true,
    "gps_speed_mps": 0.424810,
    "H_on_error_state": "implicit I3 on pos errors; zero on vel/att/bias"
  },
  "z_ned_m": [-29.232857, -3.868654, 27.366802],
  "hx_ned_m": [-0.228882, -0.000005, 0.617539],
  "innovation_ned_m": [-29.003975, -3.868649, 26.749264],
  "x_prior": {"pos_ned_m": [-0.228882, -0.000005, 0.617539], "vel_ned_mps": [0.055701, -0.000817, -0.002579]},
  "x_post": {"pos_ned_m": [-1.460611, -0.033230, 1.125167], "vel_ned_mps": [-0.035734, -0.002293, 0.002141]},
  "S_m2": [
      [626.027526855, 0.049725723, -3.766936541],
      [0.049725723, 392.812255859, -0.000789209],
      [-3.766936541, -0.000789209, 397.738037109]
    ],
  "HPH_m2": [
      [237.188583374, 0.049725723, -3.766936541],
      [0.049725723, 3.973284483, -0.000789209],
      [-3.766936541, -0.000789209, 8.899072647]
    ],
  "R_m2": 388.838959,
  "S_inv": [
      [0.002011529, -0.000000013, 0.000001440],
      [-0.000000013, 0.002094559, 0.000000000],
      [0.000001440, 0.000000000, 0.002073406]
    ],
  "P_vel_pos_cross_m2": [
      [140.023056030, 0.030545644, -2.243971348],
      [0.036739003, 0.005185081, -0.000589502],
      [-2.077043772, -0.000450767, 0.043362495]
    ],
  "K_pos_pos": [
      [0.047633097, 0.000006280, -0.000681865],
      [0.000006280, 0.008322233, -0.000000083],
      [-0.000681865, -0.000000083, 0.018337203]
    ],
  "K_vel_pos": [
      [0.006901104, 0.000001519, -0.000109057],
      [0.000000993, 0.000010804, -0.000000017],
      [-0.000195814, -0.000000038, 0.000023987]
    ],
  "delta_x": {
    "pos_ned_m": [-1.231728077, -0.033224851, 0.507627726],
    "vel_ned_mps": [-0.091434345, -0.001476607, 0.004720203],
    "att_rad": [0.000044834, 0.022349343, 0.007056310],
    "bias_accel_norm": 0.032178674,
    "bias_gyro_norm": 0.008439730,
    "pos_norm_m": 1.332645416,
    "vel_norm_mps": 0.091568008,
    "att_norm_rad": 0.023436865
  },
  "nis": 3.292544,
  "interpretation": "K_vel_pos = P_vel_pos * S_inv; velocity correction only via cross-covariance, not H"
}

{
  "experiment": "GAP-3 GNSS K-block single-fix audit",
  "timestamp_s": 6.053678513,
  "gps_index": 3,
  "accepted": true,
  "measurement_model": {
    "z_observed": "position_only [pN,pE,pD]",
    "z_velocity_in_ekf": false,
    "gps_speed_available_in_log": true,
    "gps_speed_mps": 0.581609,
    "H_on_error_state": "implicit I3 on pos errors; zero on vel/att/bias"
  },
  "z_ned_m": [-28.809191, -4.247542, 27.366808],
  "hx_ned_m": [-1.462437, -0.032771, 1.125164],
  "innovation_ned_m": [-27.346754, -4.214771, 26.241644],
  "x_prior": {"pos_ned_m": [-1.462437, -0.032771, 1.125164], "vel_ned_mps": [0.043744, 0.006197, 0.000579]},
  "x_post": {"pos_ned_m": [-3.591726, -0.088057, 1.894564], "vel_ned_mps": [0.253767, 0.005313, -0.004472]},
  "S_m2": [
      [498.438446045, 0.009004193, -0.398313224],
      [0.009004193, 477.394866943, -0.000174467],
      [-0.398313224, -0.000174467, 482.141784668]
    ],
  "HPH_m2": [
      [24.984346390, 0.009004193, -0.398313224],
      [0.009004193, 3.940754890, -0.000174467],
      [-0.398313224, -0.000174467, 8.687676430]
    ],
  "R_m2": 473.454102,
  "S_inv": [
      [0.003070693, -0.000000091, 0.000003954],
      [-0.000000091, 0.003282818, 0.000000002],
      [0.000003954, 0.000000002, 0.003232451]
    ],
  "P_vel_pos_cross_m2": [
      [0.000000000, 0.000000000, 0.000000000],
      [0.000000000, 0.000000000, 0.000000000],
      [0.000000000, 0.000000000, 0.000000000]
    ],
  "K_pos_pos": [
      [0.076717682, 0.000027291, -0.001188750],
      [0.000027291, 0.012936779, -0.000000522],
      [-0.001188750, -0.000000522, 0.028080912]
    ],
  "K_vel_pos": [
      [0.000000000, 0.000000000, 0.000000000],
      [0.000000000, 0.000000000, 0.000000000],
      [0.000000000, 0.000000000, 0.000000000]
    ],
  "delta_x": {
    "pos_ned_m": [-2.129289150, -0.055285558, 0.769399941],
    "vel_ned_mps": [0.210023835, -0.000884103, -0.005051008],
    "att_rad": [0.000032816, 0.035849780, 0.005933262],
    "bias_accel_norm": 0.048799410,
    "bias_gyro_norm": 0.012143725,
    "pos_norm_m": 2.264708519,
    "vel_norm_mps": 0.210086435,
    "att_norm_rad": 0.036337465
  },
  "nis": 4.677974,
  "interpretation": "K_vel_pos = P_vel_pos * S_inv; velocity correction only via cross-covariance, not H"
}

{
  "experiment": "GAP-3 GNSS K-block single-fix audit",
  "timestamp_s": 6.922794342,
  "gps_index": 4,
  "accepted": true,
  "measurement_model": {
    "z_observed": "position_only [pN,pE,pD]",
    "z_velocity_in_ekf": false,
    "gps_speed_available_in_log": true,
    "gps_speed_mps": 0.372331,
    "H_on_error_state": "implicit I3 on pos errors; zero on vel/att/bias"
  },
  "z_ned_m": [-28.809191, -4.347250, 27.366810],
  "hx_ned_m": [-3.788258, -0.049996, 1.883249],
  "innovation_ned_m": [-25.020933, -4.297253, 25.483561],
  "x_prior": {"pos_ned_m": [-3.788258, -0.049996, 1.883249], "vel_ned_mps": [0.831061, 0.491513, -0.038887]},
  "x_post": {"pos_ned_m": [-6.028459, -0.121884, 2.818747], "vel_ned_mps": [0.700416, 0.489694, -0.033117]},
  "S_m2": [
      [322.960113525, 0.006321690, -0.366903037],
      [0.006321690, 304.565093994, -0.000077653],
      [-0.366903037, -0.000077653, 309.124694824]
    ],
  "HPH_m2": [
      [22.284513474, 0.006321690, -0.366903037],
      [0.006321690, 3.889508724, -0.000077653],
      [-0.366903037, -0.000077653, 8.449101448]
    ],
  "R_m2": 300.675598,
  "S_inv": [
      [0.003953680, -0.000000107, 0.000006067],
      [-0.000000107, 0.004263765, 0.000000001],
      [0.000006067, 0.000000001, 0.004182464]
    ],
  "P_vel_pos_cross_m2": [
      [0.000000000, 0.000000000, 0.000000000],
      [0.000000000, 0.000000000, 0.000000000],
      [0.000000000, 0.000000000, 0.000000000]
    ],
  "K_pos_pos": [
      [0.088103607, 0.000024579, -0.001399355],
      [0.000024579, 0.016583951, -0.000000282],
      [-0.001399355, -0.000000282, 0.035335831]
    ],
  "K_vel_pos": [
      [0.000000000, 0.000000000, 0.000000000],
      [0.000000000, 0.000000000, 0.000000000],
      [0.000000000, 0.000000000, 0.000000000]
    ],
  "delta_x": {
    "pos_ned_m": [-2.240200520, -0.071887597, 0.935497165],
    "vel_ned_mps": [-0.130645126, -0.001819123, 0.005769892],
    "att_rad": [-0.000109625, 0.008718358, 0.012789851],
    "bias_accel_norm": 0.027667526,
    "bias_gyro_norm": 0.003701264,
    "pos_norm_m": 2.428748846,
    "vel_norm_mps": 0.130785137,
    "att_norm_rad": 0.015479085
  },
  "nis": 5.630796,
  "interpretation": "K_vel_pos = P_vel_pos * S_inv; velocity correction only via cross-covariance, not H"
}

{
  "experiment": "GAP-3 GNSS K-block single-fix audit",
  "timestamp_s": 8.536244392,
  "gps_index": 5,
  "accepted": true,
  "measurement_model": {
    "z_observed": "position_only [pN,pE,pD]",
    "z_velocity_in_ekf": false,
    "gps_speed_available_in_log": true,
    "gps_speed_mps": 0.803098,
    "H_on_error_state": "implicit I3 on pos errors; zero on vel/att/bias"
  },
  "z_ned_m": [-27.961861, -5.463974, 27.366821],
  "hx_ned_m": [-5.860700, -0.479851, 2.770727],
  "innovation_ned_m": [-22.101162, -4.984123, 24.596094],
  "x_prior": {"pos_ned_m": [-5.860700, -0.479851, 2.770727], "vel_ned_mps": [0.147236, 0.796043, -0.051547]},
  "x_post": {"pos_ned_m": [-8.050839, -0.592090, 3.909366], "vel_ned_mps": [0.243541, 0.790908, -0.048957]},
  "S_m2": [
      [249.122238159, 0.000724410, -0.324974358],
      [0.000724410, 234.473281860, 0.000797978],
      [-0.324974358, 0.000797978, 238.811233521]
    ],
  "HPH_m2": [
      [18.477268219, 0.000724410, -0.324974358],
      [0.000724410, 3.828304529, 0.000797978],
      [-0.324974358, 0.000797978, 8.166258812]
    ],
  "R_m2": 230.644974,
  "S_inv": [
      [0.005206842, 0.000000004, 0.000009352],
      [0.000000004, 0.005635859, -0.000000023],
      [0.000009352, -0.000000023, 0.005501380]
    ],
  "P_vel_pos_cross_m2": [
      [-0.285861164, -0.008741417, -0.015177977],
      [-0.003484088, 0.006153508, 0.000726597],
      [-0.033883322, 0.000331323, 0.013700471]
    ],
  "K_pos_pos": [
      [0.096055947, -0.000000710, -0.001623632],
      [-0.000000710, 0.021575540, 0.000004033],
      [-0.001623632, 0.000004033, 0.044922192]
    ],
  "K_vel_pos": [
      [-0.001174337, -0.000038796, -0.000067972],
      [-0.000021044, 0.000034465, 0.000003779],
      [-0.000191748, 0.000001354, 0.000074160]
    ],
  "delta_x": {
    "pos_ned_m": [-2.190139771, -0.112239264, 1.138639688],
    "vel_ned_mps": [0.096304677, -0.005134965, 0.002589453],
    "att_rad": [-0.000688635, 0.015116274, 0.003544440],
    "bias_accel_norm": 0.017401140,
    "bias_gyro_norm": 0.003901786,
    "pos_norm_m": 2.470993757,
    "vel_norm_mps": 0.096476234,
    "att_norm_rad": 0.015541526
  },
  "nis": 6.955392,
  "interpretation": "K_vel_pos = P_vel_pos * S_inv; velocity correction only via cross-covariance, not H"
}

{
  "experiment": "GAP-3 GNSS K-block single-fix audit",
  "timestamp_s": 9.544651985,
  "gps_index": 6,
  "accepted": true,
  "measurement_model": {
    "z_observed": "position_only [pN,pE,pD]",
    "z_velocity_in_ekf": false,
    "gps_speed_available_in_log": true,
    "gps_speed_mps": 0.542723,
    "H_on_error_state": "implicit I3 on pos errors; zero on vel/att/bias"
  },
  "z_ned_m": [-27.961861, -5.763096, 27.366827],
  "hx_ned_m": [-5.530085, -1.043707, 3.604188],
  "innovation_ned_m": [-22.431776, -4.719390, 23.762638],
  "x_prior": {"pos_ned_m": [-5.530085, -1.043707, 3.604188], "vel_ned_mps": [0.856561, 0.280006, -0.190456]},
  "x_post": {"pos_ned_m": [-8.023676, -1.178311, 4.954564], "vel_ned_mps": [0.673156, 0.267406, -0.174470]},
  "S_m2": [
      [189.980804443, 0.006393957, -0.315759093],
      [0.006393957, 177.360412598, -0.001698476],
      [-0.315759093, -0.001698476, 181.423416138]
    ],
  "HPH_m2": [
      [16.373836517, 0.006393957, -0.315759093],
      [0.006393957, 3.753449678, -0.001698476],
      [-0.315759093, -0.001698476, 7.816444874]
    ],
  "R_m2": 173.606964,
  "S_inv": [
      [0.006617513, -0.000000279, 0.000014617],
      [-0.000000279, 0.007220269, 0.000000080],
      [0.000014617, 0.000000080, 0.007014526]
    ],
  "P_vel_pos_cross_m2": [
      [0.123386577, 0.014498607, -0.022865590],
      [0.001588358, 0.011919312, -0.000769700],
      [-0.055664219, -0.001547703, 0.018728759]
    ],
  "K_pos_pos": [
      [0.108318731, 0.000037636, -0.001969589],
      [0.000037636, 0.027100015, -0.000010802],
      [-0.001969589, -0.000010802, 0.054822933]
    ],
  "K_vel_pos": [
      [0.000560616, 0.000070612, -0.000108880],
      [-0.000001797, 0.000083917, -0.000002964],
      [-0.000360921, -0.000010195, 0.000129166]
    ],
  "delta_x": {
    "pos_ned_m": [-2.493591070, -0.134604156, 1.350375772],
    "vel_ned_mps": [-0.183405399, -0.012600305, 0.015985649],
    "att_rad": [0.001646789, -0.005141421, 0.005408048],
    "bias_accel_norm": 0.009945227,
    "bias_gyro_norm": 0.002760103,
    "pos_norm_m": 2.838948727,
    "vel_norm_mps": 0.184531435,
    "att_norm_rad": 0.007641538
  },
  "nis": 7.712919,
  "interpretation": "K_vel_pos = P_vel_pos * S_inv; velocity correction only via cross-covariance, not H"
}

{
  "experiment": "GAP-3 GNSS K-block single-fix audit",
  "timestamp_s": 10.553059578,
  "gps_index": 7,
  "accepted": true,
  "measurement_model": {
    "z_observed": "position_only [pN,pE,pD]",
    "z_velocity_in_ekf": false,
    "gps_speed_available_in_log": true,
    "gps_speed_mps": 2.637817,
    "H_on_error_state": "implicit I3 on pos errors; zero on vel/att/bias"
  },
  "z_ned_m": [-27.114532, -5.543739, 27.366837],
  "hx_ned_m": [-7.099995, -1.091232, 4.929405],
  "innovation_ned_m": [-20.014538, -4.452507, 22.437431],
  "x_prior": {"pos_ned_m": [-7.099995, -1.091232, 4.929405], "vel_ned_mps": [1.107545, -0.188854, -0.161204]},
  "x_post": {"pos_ned_m": [-8.925187, -1.183157, 6.213009], "vel_ned_mps": [1.634318, -0.140173, -0.161496]},
  "S_m2": [
      [150.262695312, 0.082469590, -0.313767612],
      [0.082469590, 138.441299438, -0.005614400],
      [-0.313767612, -0.005614400, 142.151138306]
    ],
  "HPH_m2": [
      [15.517023087, 0.082469590, -0.313767612],
      [0.082469590, 3.695636272, -0.005614400],
      [-0.313767612, -0.005614400, 7.405474186]
    ],
  "R_m2": 134.745667,
  "S_inv": [
      [0.007130663, -0.000003174, 0.000016336],
      [-0.000003174, 0.007766829, 0.000000277],
      [0.000016336, 0.000000277, 0.007549222]
    ],
  "P_vel_pos_cross_m2": [
      [1.144973397, 0.082415193, -0.035048220],
      [0.096072324, 0.042300645, -0.002793245],
      [-0.067526937, -0.002464006, 0.020985315]
    ],
  "K_pos_pos": [
      [0.108242989, 0.000396950, -0.002042991],
      [0.000396950, 0.028684359, -0.000034634],
      [-0.002042991, -0.000034634, 0.055898234]
    ],
  "K_vel_pos": [
      [0.004677355, 0.000356236, -0.000140900],
      [0.000423606, 0.000303456, -0.000011655],
      [-0.000411924, -0.000013414, 0.000155234]
    ],
  "delta_x": {
    "pos_ned_m": [-1.825192451, -0.091925770, 1.283603549],
    "vel_ned_mps": [0.526773095, 0.048680663, -0.000291813],
    "att_rad": [-0.001035268, 0.028612014, -0.009556895],
    "bias_accel_norm": 0.020467870,
    "bias_gyro_norm": 0.006068758,
    "pos_norm_m": 2.233252287,
    "vel_norm_mps": 0.529017806,
    "att_norm_rad": 0.030183660
  },
  "nis": 7.823958,
  "interpretation": "K_vel_pos = P_vel_pos * S_inv; velocity correction only via cross-covariance, not H"
}

{
  "experiment": "GAP-3 GNSS K-block single-fix audit",
  "timestamp_s": 39.524677277,
  "gps_index": 37,
  "accepted": true,
  "measurement_model": {
    "z_observed": "position_only [pN,pE,pD]",
    "z_velocity_in_ekf": false,
    "gps_speed_available_in_log": true,
    "gps_speed_mps": 0.000000,
    "H_on_error_state": "implicit I3 on pos errors; zero on vel/att/bias"
  },
  "z_ned_m": [-147.434204, 114.904762, 33.667168],
  "hx_ned_m": [-31.630106, -11.353788, 5.860816],
  "innovation_ned_m": [-115.804100, 126.258553, 27.806353],
  "x_prior": {"pos_ned_m": [-31.630106, -11.353788, 5.860816], "vel_ned_mps": [1.066271, -6.209500, -1.799893]},
  "x_post": {"pos_ned_m": [-35.057976, -5.263565, 8.120111], "vel_ned_mps": [1.048813, -5.980927, -1.693456]},
  "S_m2": [
      [63.175136566, -38.567192078, -14.166335106],
      [-38.567192078, 119.179664612, 33.176651001],
      [-14.166335106, 33.176651001, 46.212356567]
    ],
  "HPH_m2": [
      [38.175136566, -38.567192078, -14.166335106],
      [-38.567192078, 94.179664612, 33.176651001],
      [-14.166335106, 33.176651001, 21.212354660]
    ],
  "R_m2": 25.000000,
  "S_inv": [
      [0.000364077, 0.000004987, 0.000001828],
      [0.000004987, 0.000356845, -0.000004310],
      [0.000001828, -0.000004310, 0.000366321]
    ],
  "P_vel_pos_cross_m2": [
      [0.401246279, -0.007621075, -0.050396860],
      [-0.991194069, 3.911355257, 1.480282187],
      [-0.539738059, 1.726788998, 0.790283084]
    ],
  "K_pos_pos": [
      [0.013680431, -0.013511053, -0.004953385],
      [-0.013511055, 0.033272184, 0.011676834],
      [-0.004953386, 0.011676836, 0.007601620]
    ],
  "K_vel_pos": [
      [0.000145954, -0.000000501, -0.000017695],
      [-0.000338657, 0.001384423, 0.000523587],
      [-0.000186449, 0.000610098, 0.000281067]
    ],
  "delta_x": {
    "pos_ned_m": [-3.427871466, 6.090223789, 2.259296179],
    "vel_ned_mps": [-0.017457414, 0.228572190, 0.106437065],
    "att_rad": [-0.003365563, 0.001173633, -0.002869096],
    "bias_accel_norm": 0.024090830,
    "bias_gyro_norm": 0.000495797,
    "pos_norm_m": 7.344763279,
    "vel_norm_mps": 0.252742678,
    "att_norm_rad": 0.004575603
  },
  "nis": 10.666383,
  "interpretation": "K_vel_pos = P_vel_pos * S_inv; velocity correction only via cross-covariance, not H"
}

