{
  "experiment": "GAP-3 GNSS K-block single-fix audit",
  "timestamp_s": 5.664433479,
  "gps_index": 2,
  "accepted": true,
  "measurement_model": {
    "z_observed": "position_only [pN,pE,pD]",
    "z_velocity_in_ekf": false,
    "gps_speed_available_in_log": true,
    "gps_speed_mps": 0.424810,
    "H_on_error_state": "implicit I3 on pos errors; zero on vel/att/bias"
  },
  "z_ned_m": [-29.232857, -3.868654, 27.366802],
  "hx_ned_m": [0.086031, -0.000005, -0.001558],
  "innovation_ned_m": [-29.318888, -3.868649, 27.368361],
  "x_prior": {"pos_ned_m": [0.086031, -0.000005, -0.001558], "vel_ned_mps": [0.055701, -0.000817, -0.002579]},
  "x_post": {"pos_ned_m": [0.262524, -0.000856, -0.004386], "vel_ned_mps": [0.168567, -0.002222, -0.004215]},
  "S_m2": [
      [243.229324341, 0.049725723, -3.766936541],
      [0.049725723, 10.014085770, -0.000789209],
      [-3.766936541, -0.000789209, 15.102672577]
    ],
  "HPH_m2": [
      [237.229324341, 0.049725723, -3.766936541],
      [0.049725723, 4.014086246, -0.000789209],
      [-3.766936541, -0.000789209, 9.102672577]
    ],
  "R_m2": 6.000000,
  "S_inv": [
      [0.010889722, -0.000114614, 0.000000000],
      [-0.000114614, 0.442799687, 0.000000000],
      [0.000000000, 0.000000000, 0.000000000]
    ],
  "P_vel_pos_cross_m2": [
      [140.023056030, 0.030545644, -2.243971348],
      [0.036739003, 0.005185081, -0.000589502],
      [-2.077043772, -0.000450767, 0.043362495]
    ],
  "K_pos_pos": [
      [0.000000000, 0.000000000, 0.000000000],
      [0.000000000, 0.000000000, 0.000000000],
      [0.000000000, 0.000000000, 0.000000000]
    ],
  "K_vel_pos": [
      [0.975498080, 0.000257882, 0.000000000],
      [0.000257882, 0.003700686, 0.000000000],
      [-0.014138308, -0.000004318, 0.000000000]
    ],
  "delta_x": {
    "pos_ned_m": [0.176493675, -0.000850641, -0.002828314],
    "vel_ned_mps": [0.112866491, -0.001405391, -0.001635597],
    "att_rad": [0.000046144, 0.004737864, 0.007042776],
    "bias_accel_norm": 0.001387718,
    "bias_gyro_norm": 0.001080216,
    "pos_norm_m": 0.176518381,
    "vel_norm_mps": 0.112887084,
    "att_norm_rad": 0.008488238
  },
  "nis": 0.066760,
  "interpretation": "K_vel_pos = P_vel_pos * S_inv; velocity correction only via cross-covariance, not H"
}

{
  "experiment": "GAP-3 GNSS K-block single-fix audit",
  "timestamp_s": 6.053678513,
  "gps_index": 3,
  "accepted": true,
  "measurement_model": {
    "z_observed": "position_only [pN,pE,pD]",
    "z_velocity_in_ekf": false,
    "gps_speed_available_in_log": true,
    "gps_speed_mps": 0.581609,
    "H_on_error_state": "implicit I3 on pos errors; zero on vel/att/bias"
  },
  "z_ned_m": [-28.809191, -4.247542, 27.366808],
  "hx_ned_m": [0.267353, -0.002268, -0.004909],
  "innovation_ned_m": [-29.076544, -4.245274, 27.371717],
  "x_prior": {"pos_ned_m": [0.267353, -0.002268, -0.004909], "vel_ned_mps": [0.150693, 0.006734, -0.003807]},
  "x_post": {"pos_ned_m": [0.426967, -0.004221, -0.007149], "vel_ned_mps": [0.293844, 0.005778, -0.005546]},
  "S_m2": [
      [499.123596191, -0.001499284, -0.402956098],
      [-0.001499284, 477.473846436, 0.000057240],
      [-0.402956098, 0.000057240, 482.507385254]
    ],
  "HPH_m2": [
      [25.669490814, -0.001499284, -0.402956098],
      [-0.001499284, 4.019741535, 0.000057240],
      [-0.402956098, 0.000057240, 9.053277016]
    ],
  "R_m2": 473.454102,
  "S_inv": [
      [0.194959581, -0.003342293, 0.000000000],
      [-0.003342293, 0.441343307, 0.000000000],
      [0.000000000, 0.000000000, 0.000000000]
    ],
  "P_vel_pos_cross_m2": [
      [3.085495472, 0.002950202, -0.042605005],
      [0.007927503, 0.011368343, 0.000085018],
      [-0.111532979, -0.000020674, 0.011992833]
    ],
  "K_pos_pos": [
      [0.000000000, 0.000000000, 0.000000000],
      [0.000000000, 0.000000000, 0.000000000],
      [0.000000000, 0.000000000, 0.000000000]
    ],
  "K_vel_pos": [
      [0.561340988, 0.007520158, 0.000000000],
      [0.007520160, 0.006977502, 0.000000000],
      [-0.006714861, -0.000027002, 0.000000000]
    ],
  "delta_x": {
    "pos_ned_m": [0.159613192, -0.001952855, -0.002240007],
    "vel_ned_mps": [0.143151000, -0.000956342, -0.001738710],
    "att_rad": [-0.000208422, 0.008073458, 0.023219919],
    "bias_accel_norm": 0.002354383,
    "bias_gyro_norm": 0.002337585,
    "pos_norm_m": 0.159640849,
    "vel_norm_mps": 0.143164754,
    "att_norm_rad": 0.024584319
  },
  "nis": 0.091063,
  "interpretation": "K_vel_pos = P_vel_pos * S_inv; velocity correction only via cross-covariance, not H"
}

{
  "experiment": "GAP-3 GNSS K-block single-fix audit",
  "timestamp_s": 6.922794342,
  "gps_index": 4,
  "accepted": true,
  "measurement_model": {
    "z_observed": "position_only [pN,pE,pD]",
    "z_velocity_in_ekf": false,
    "gps_speed_available_in_log": true,
    "gps_speed_mps": 0.372331,
    "H_on_error_state": "implicit I3 on pos errors; zero on vel/att/bias"
  },
  "z_ned_m": [-28.809191, -4.347250, 27.366810],
  "hx_ned_m": [0.032268, 0.012260, 0.004614],
  "innovation_ned_m": [-28.841459, -4.359509, 27.362196],
  "x_prior": {"pos_ned_m": [0.032268, 0.012260, 0.004614], "vel_ned_mps": [0.818903, 0.534724, -0.009655]},
  "x_post": {"pos_ned_m": [0.128600, 0.003231, 0.000607], "vel_ned_mps": [0.690017, 0.518841, -0.009723]},
  "S_m2": [
      [323.910278320, 0.038888227, -0.442727506],
      [0.038888227, 304.698608398, -0.000909839],
      [-0.442727506, -0.000909839, 309.740905762]
    ],
  "HPH_m2": [
      [23.234680176, 0.038888227, -0.442727506],
      [0.038888227, 4.023008347, -0.000909839],
      [-0.442727506, -0.000909839, 9.065300941]
    ],
  "R_m2": 300.675598,
  "S_inv": [
      [0.352595687, -0.007206661, 0.000000000],
      [-0.007206661, 0.440685302, 0.000000000],
      [0.000000000, 0.000000000, 0.000000000]
    ],
  "P_vel_pos_cross_m2": [
      [-0.370446801, 0.022662954, 0.017174438],
      [-0.072162300, 0.013379675, 0.002034481],
      [-0.120162681, -0.000981178, 0.013019554]
    ],
  "K_pos_pos": [
      [0.000000000, 0.000000000, 0.000000000],
      [0.000000000, 0.000000000, 0.000000000],
      [0.000000000, 0.000000000, 0.000000000]
    ],
  "K_vel_pos": [
      [0.206659704, 0.016214985, 0.000000000],
      [0.016214987, 0.008458024, 0.000000000],
      [0.000457430, -0.000234177, 0.000000000]
    ],
  "delta_x": {
    "pos_ned_m": [0.096331701, -0.009029312, -0.004007456],
    "vel_ned_mps": [-0.128886044, -0.015882451, -0.000068433],
    "att_rad": [0.000506200, -0.011719934, 0.006456824],
    "bias_accel_norm": 0.010301118,
    "bias_gyro_norm": 0.002976662,
    "pos_norm_m": 0.096836902,
    "vel_norm_mps": 0.129860967,
    "att_norm_rad": 0.013390432
  },
  "nis": 0.388465,
  "interpretation": "K_vel_pos = P_vel_pos * S_inv; velocity correction only via cross-covariance, not H"
}

{
  "experiment": "GAP-3 GNSS K-block single-fix audit",
  "timestamp_s": 8.536244392,
  "gps_index": 5,
  "accepted": true,
  "measurement_model": {
    "z_observed": "position_only [pN,pE,pD]",
    "z_velocity_in_ekf": false,
    "gps_speed_available_in_log": true,
    "gps_speed_mps": 0.803098,
    "H_on_error_state": "implicit I3 on pos errors; zero on vel/att/bias"
  },
  "z_ned_m": [-27.961861, -5.463974, 27.366821],
  "hx_ned_m": [-1.653742, -0.617479, -0.165394],
  "innovation_ned_m": [-26.308119, -4.846495, 27.532215],
  "x_prior": {"pos_ned_m": [-1.653742, -0.617479, -0.165394], "vel_ned_mps": [-0.913619, 0.377174, -0.007546]},
  "x_post": {"pos_ned_m": [-2.025478, -0.596929, -0.160167], "vel_ned_mps": [-0.671534, 0.421905, -0.024024]},
  "S_m2": [
      [245.663482666, 0.052364208, -0.291431665],
      [0.052364208, 234.679122925, -0.004692077],
      [-0.291431665, -0.004692077, 239.729095459]
    ],
  "HPH_m2": [
      [15.018502235, 0.052364208, -0.291431665],
      [0.052364208, 4.034150124, -0.004692077],
      [-0.291431665, -0.004692077, 9.084120750]
    ],
  "R_m2": 230.644974,
  "S_inv": [
      [0.353584051, -0.018024141, 0.000000000],
      [-0.018024143, 0.439442188, 0.000000000],
      [0.000000000, 0.000000000, 0.000000000]
    ],
  "P_vel_pos_cross_m2": [
      [-0.918621063, 0.049568452, 0.016177418],
      [-0.201714367, 0.009851043, 0.006327633],
      [0.046185013, -0.004391621, 0.009104910]
    ],
  "K_pos_pos": [
      [0.000000000, 0.000000000, 0.000000000],
      [0.000000000, 0.000000000, 0.000000000],
      [0.000000000, 0.000000000, 0.000000000]
    ],
  "K_vel_pos": [
      [0.204435915, 0.040554315, 0.000000000],
      [0.040554319, 0.011255025, 0.000000000],
      [-0.013796734, -0.002600578, 0.000000000]
    ],
  "delta_x": {
    "pos_ned_m": [-0.371736109, 0.020550279, 0.005226374],
    "vel_ned_mps": [0.242085278, 0.044730857, -0.016477350],
    "att_rad": [-0.004446780, 0.018349800, 0.000153209],
    "bias_accel_norm": 0.004078067,
    "bias_gyro_norm": 0.004154295,
    "pos_norm_m": 0.372340381,
    "vel_norm_mps": 0.246733934,
    "att_norm_rad": 0.018881539
  },
  "nis": 1.194223,
  "interpretation": "K_vel_pos = P_vel_pos * S_inv; velocity correction only via cross-covariance, not H"
}

{
  "experiment": "GAP-3 GNSS K-block single-fix audit",
  "timestamp_s": 9.544651985,
  "gps_index": 6,
  "accepted": true,
  "measurement_model": {
    "z_observed": "position_only [pN,pE,pD]",
    "z_velocity_in_ekf": false,
    "gps_speed_available_in_log": true,
    "gps_speed_mps": 0.542723,
    "H_on_error_state": "implicit I3 on pos errors; zero on vel/att/bias"
  },
  "z_ned_m": [-27.961861, -5.763096, 27.366827],
  "hx_ned_m": [-1.753877, -0.496277, -0.427798],
  "innovation_ned_m": [-26.207983, -5.266819, 27.794626],
  "x_prior": {"pos_ned_m": [-1.753877, -0.496277, -0.427798], "vel_ned_mps": [-0.424415, -0.169721, 0.034343]},
  "x_post": {"pos_ned_m": [-1.871067, -0.489355, -0.412727], "vel_ned_mps": [-0.301160, -0.166707, 0.045813]},
  "S_m2": [
      [186.367492676, 0.095709264, -0.246242583],
      [0.095709264, 177.646514893, -0.000065429],
      [-0.246242583, -0.000065429, 182.702392578]
    ],
  "HPH_m2": [
      [12.760534286, 0.095709264, -0.246242583],
      [0.095709264, 4.039548397, -0.000065429],
      [-0.246242583, -0.000065429, 9.095431328]
    ],
  "R_m2": 173.606964,
  "S_inv": [
      [0.373091251, -0.002870297, 0.000000000],
      [-0.002870298, 0.440765113, 0.000000000],
      [0.000000000, 0.000000000, 0.000000000]
    ],
  "P_vel_pos_cross_m2": [
      [-0.415841311, 0.027506448, 0.052275945],
      [-0.034133337, 0.009859495, 0.001178547],
      [-0.044169862, 0.002691112, 0.014674647]
    ],
  "K_pos_pos": [
      [0.000000000, 0.000000000, 0.000000000],
      [0.000000000, 0.000000000, 0.000000000],
      [0.000000000, 0.000000000, 0.000000000]
    ],
  "K_vel_pos": [
      [0.160544664, 0.006458170, 0.000000000],
      [0.006458169, 0.008278552, 0.000000000],
      [0.014988019, 0.000757587, 0.000000000]
    ],
  "delta_x": {
    "pos_ned_m": [-0.117190056, 0.006922391, 0.015071666],
    "vel_ned_mps": [0.123255506, 0.003013972, 0.011469303],
    "att_rad": [0.000616026, 0.004061440, -0.008174030],
    "bias_accel_norm": 0.030966662,
    "bias_gyro_norm": 0.002759208,
    "pos_norm_m": 0.118357860,
    "vel_norm_mps": 0.123824671,
    "att_norm_rad": 0.009148200
  },
  "nis": 0.252520,
  "interpretation": "K_vel_pos = P_vel_pos * S_inv; velocity correction only via cross-covariance, not H"
}

{
  "experiment": "GAP-3 GNSS K-block single-fix audit",
  "timestamp_s": 10.553059578,
  "gps_index": 7,
  "accepted": true,
  "measurement_model": {
    "z_observed": "position_only [pN,pE,pD]",
    "z_velocity_in_ekf": false,
    "gps_speed_available_in_log": true,
    "gps_speed_mps": 2.637817,
    "H_on_error_state": "implicit I3 on pos errors; zero on vel/att/bias"
  },
  "z_ned_m": [-27.114532, -5.543739, 27.366837],
  "hx_ned_m": [-3.389479, -0.478308, -0.605063],
  "innovation_ned_m": [-23.725054, -5.065431, 27.971899],
  "x_prior": {"pos_ned_m": [-3.389479, -0.478308, -0.605063], "vel_ned_mps": [-0.620745, -0.470697, -0.097198]},
  "x_post": {"pos_ned_m": [-3.485826, -0.361389, -0.427027], "vel_ned_mps": [0.291924, -0.326558, 0.019212]},
  "S_m2": [
      [146.839126587, 0.120210767, -0.181455866],
      [0.120210767, 138.808624268, 0.020210199],
      [-0.181455866, 0.020210199, 143.878280640]
    ],
  "HPH_m2": [
      [12.093466759, 0.120210767, -0.181455866],
      [0.120210767, 4.062962532, 0.020210199],
      [-0.181455866, 0.020210199, 9.132616997]
    ],
  "R_m2": 134.745667,
  "S_inv": [
      [0.322437137, -0.018265728, 0.000000000],
      [-0.018265726, 0.439084709, 0.000000000],
      [0.000000000, 0.000000000, 0.000000000]
    ],
  "P_vel_pos_cross_m2": [
      [-0.077690698, 0.103938177, 0.167801857],
      [-0.039221723, 0.028539592, 0.024649696],
      [-0.004844792, 0.017074093, 0.032434076]
    ],
  "K_pos_pos": [
      [0.000000000, 0.000000000, 0.000000000],
      [0.000000000, 0.000000000, 0.000000000],
      [0.000000000, 0.000000000, 0.000000000]
    ],
  "K_vel_pos": [
      [0.274516404, 0.041097887, 0.000000000],
      [0.041097887, 0.012059392, 0.000000000],
      [0.034859970, 0.005622166, 0.000000000]
    ],
  "delta_x": {
    "pos_ned_m": [-0.096346796, 0.116919331, 0.178036138],
    "vel_ned_mps": [0.912669122, 0.144138426, 0.116409212],
    "att_rad": [0.003005590, 0.027465103, -0.008311084],
    "bias_accel_norm": 0.188782543,
    "bias_gyro_norm": 0.006695857,
    "pos_norm_m": 0.233772755,
    "vel_norm_mps": 0.931285083,
    "att_norm_rad": 0.028852029
  },
  "nis": 3.730914,
  "interpretation": "K_vel_pos = P_vel_pos * S_inv; velocity correction only via cross-covariance, not H"
}

{
  "experiment": "GAP-3 GNSS K-block single-fix audit",
  "timestamp_s": 19.268434525,
  "gps_index": 16,
  "accepted": true,
  "measurement_model": {
    "z_observed": "position_only [pN,pE,pD]",
    "z_velocity_in_ekf": false,
    "gps_speed_available_in_log": true,
    "gps_speed_mps": 6.028427,
    "H_on_error_state": "implicit I3 on pos errors; zero on vel/att/bias"
  },
  "z_ned_m": [-75.835838, 41.777740, 27.366413],
  "hx_ned_m": [-6.726871, 1.764835, -1.573724],
  "innovation_ned_m": [-69.108971, 40.012905, 28.940136],
  "x_prior": {"pos_ned_m": [-6.726871, 1.764835, -1.573724], "vel_ned_mps": [-2.334083, -0.343328, -0.160604]},
  "x_post": {"pos_ned_m": [-7.863434, 1.793768, -1.640361], "vel_ned_mps": [-2.804533, -0.276246, -0.192379]},
  "S_m2": [
      [57.661445618, 2.826488972, 0.737449944],
      [2.826488972, 38.938598633, 0.186822921],
      [0.737449944, 0.186822921, 43.350498199]
    ],
  "HPH_m2": [
      [23.555843353, 2.826488972, 0.737449944],
      [2.826488972, 4.832995892, 0.186822921],
      [0.737449944, 0.186822921, 9.244895935]
    ],
  "R_m2": 34.105602,
  "S_inv": [
      [0.329449743, -0.026468439, 0.000000000],
      [-0.026468435, 0.417309314, 0.000000000],
      [0.000000000, 0.000000000, 0.000000000]
    ],
  "P_vel_pos_cross_m2": [
      [2.395551682, 0.364660800, 0.172146425],
      [0.746183634, 0.238525465, 0.062924743],
      [0.342061281, 0.072578035, 0.035629798]
    ],
  "K_pos_pos": [
      [0.000000000, 0.000000000, 0.000000000],
      [0.000000000, 0.000000000, 0.000000000],
      [0.000000000, 0.000000000, 0.000000000]
    ],
  "K_vel_pos": [
      [0.258738101, 0.059553985, 0.000000000],
      [0.059553977, 0.061054088, 0.000000000],
      [0.024947768, 0.009410207, 0.000000000]
    ],
  "delta_x": {
    "pos_ned_m": [-1.136563063, 0.028932542, -0.066636905],
    "vel_ned_mps": [-0.470449805, 0.067082092, -0.031775516],
    "att_rad": [0.003386415, -0.007960958, 0.032118551],
    "bias_accel_norm": 0.053229854,
    "bias_gyro_norm": 0.003388146,
    "pos_norm_m": 1.138882399,
    "vel_norm_mps": 0.476269573,
    "att_norm_rad": 0.033263285
  },
  "nis": 8.598605,
  "interpretation": "K_vel_pos = P_vel_pos * S_inv; velocity correction only via cross-covariance, not H"
}

{
  "experiment": "GAP-3 GNSS K-block single-fix audit",
  "timestamp_s": 26.268436432,
  "gps_index": 24,
  "accepted": true,
  "measurement_model": {
    "z_observed": "position_only [pN,pE,pD]",
    "z_velocity_in_ekf": false,
    "gps_speed_available_in_log": true,
    "gps_speed_mps": 3.702912,
    "H_on_error_state": "implicit I3 on pos errors; zero on vel/att/bias"
  },
  "z_ned_m": [-103.797424, 69.177780, 31.366503],
  "hx_ned_m": [-12.624916, -1.835428, -3.493232],
  "innovation_ned_m": [-91.172508, 71.013206, 34.859734],
  "x_prior": {"pos_ned_m": [-12.624916, -1.835428, -3.493232], "vel_ned_mps": [-2.304303, -2.460356, -0.423905]},
  "x_post": {"pos_ned_m": [-6.733487, 2.142556, -2.289738], "vel_ned_mps": [-1.291485, -1.378808, -0.147939]},
  "S_m2": [
      [208.097015381, 22.751194000, 7.534187317],
      [22.751194000, 173.435806274, 4.439921379],
      [7.534187317, 4.439921379, 166.044860840]
    ],
  "HPH_m2": [
      [52.845413208, 22.751194000, 7.534187317],
      [22.751194000, 18.184202194, 4.439921379],
      [7.534187317, 4.439921379, 10.793256760]
    ],
  "R_m2": 155.251602,
  "S_inv": [
      [0.336446345, -0.101160735, 0.000000000],
      [-0.101160727, 0.337717950, 0.000000000],
      [0.000000000, 0.000000000, 0.000000000]
    ],
  "P_vel_pos_cross_m2": [
      [5.547851086, 3.420436382, 1.101427555],
      [5.552711010, 3.625417233, 1.122171760],
      [1.568531871, 0.970074117, 0.336425453]
    ],
  "K_pos_pos": [
      [0.000000000, 0.000000000, 0.000000000],
      [0.000000000, 0.000000000, 0.000000000],
      [0.000000000, 0.000000000, 0.000000000]
    ],
  "K_vel_pos": [
      [0.242995664, 0.227611646, 0.000000000],
      [0.227611661, 0.240134567, 0.000000000],
      [0.061580017, 0.061593547, 0.000000000]
    ],
  "delta_x": {
    "pos_ned_m": [5.891429424, 3.977983713, 1.203493476],
    "vel_ned_mps": [1.012817264, 1.081547856, 0.275965780],
    "att_rad": [0.000574581, 0.019052560, 0.063494675],
    "bias_accel_norm": 0.039107375,
    "bias_gyro_norm": 0.003698329,
    "pos_norm_m": 7.209832668,
    "vel_norm_mps": 1.507216573,
    "att_norm_rad": 0.066294074
  },
  "nis": 8.737431,
  "interpretation": "K_vel_pos = P_vel_pos * S_inv; velocity correction only via cross-covariance, not H"
}

{
  "experiment": "GAP-3 GNSS K-block single-fix audit",
  "timestamp_s": 40.268440247,
  "gps_index": 38,
  "accepted": true,
  "measurement_model": {
    "z_observed": "position_only [pN,pE,pD]",
    "z_velocity_in_ekf": false,
    "gps_speed_available_in_log": true,
    "gps_speed_mps": 2.509786,
    "H_on_error_state": "implicit I3 on pos errors; zero on vel/att/bias"
  },
  "z_ned_m": [-152.518143, 117.577049, 33.667236],
  "hx_ned_m": [-56.111641, -41.492947, -12.721448],
  "innovation_ned_m": [-96.406502, 159.069992, 46.388683],
  "x_prior": {"pos_ned_m": [-56.111641, -41.492947, -12.721448], "vel_ned_mps": [-1.382389, -2.375352, -0.438380]},
  "x_post": {"pos_ned_m": [-53.790741, -38.183098, -12.160669], "vel_ned_mps": [-1.137238, -1.915366, -0.375060]},
  "S_m2": [
      [69.796844482, 30.768680573, 7.324732304],
      [30.768680573, 64.606597900, 8.169255257],
      [7.324732304, 8.169255257, 36.756019592]
    ],
  "HPH_m2": [
      [44.796848297, 30.768680573, 7.324732304],
      [30.768680573, 39.606594086, 8.169255257],
      [7.324732304, 8.169255257, 11.756019592]
    ],
  "R_m2": 25.000000,
  "S_inv": [
      [0.420543820, -0.036698394, 0.000000000],
      [-0.036698390, 0.377551764, 0.000000000],
      [0.000000000, 0.000000000, 0.000000000]
    ],
  "P_vel_pos_cross_m2": [
      [1.435942531, 1.691224575, 0.302946895],
      [2.218600988, 3.036458731, 0.520325363],
      [0.462827533, 0.626933277, 0.167713106]
    ],
  "K_pos_pos": [
      [0.000000000, 0.000000000, 0.000000000],
      [0.000000000, 0.000000000, 0.000000000],
      [0.000000000, 0.000000000, 0.000000000]
    ],
  "K_vel_pos": [
      [0.053776376, 0.082571387, 0.000000000],
      [0.082571380, 0.150508568, 0.000000000],
      [0.012537969, 0.021001276, 0.000000000]
    ],
  "delta_x": {
    "pos_ned_m": [2.320898294, 3.309848309, 0.560778141],
    "vel_ned_mps": [0.245151490, 0.459985942, 0.063320547],
    "att_rad": [-0.002509376, 0.002539415, -0.002228610],
    "bias_accel_norm": 0.014669633,
    "bias_gyro_norm": 0.000137123,
    "pos_norm_m": 4.081192970,
    "vel_norm_mps": 0.525067449,
    "att_norm_rad": 0.004208598
  },
  "nis": 5.208117,
  "interpretation": "K_vel_pos = P_vel_pos * S_inv; velocity correction only via cross-covariance, not H"
}

{
  "experiment": "GAP-3 GNSS K-block single-fix audit",
  "timestamp_s": 41.268440247,
  "gps_index": 39,
  "accepted": true,
  "measurement_model": {
    "z_observed": "position_only [pN,pE,pD]",
    "z_velocity_in_ekf": false,
    "gps_speed_available_in_log": true,
    "gps_speed_mps": 3.458419,
    "H_on_error_state": "implicit I3 on pos errors; zero on vel/att/bias"
  },
  "z_ned_m": [-155.483780, 117.696747, 33.667255],
  "hx_ned_m": [-58.515003, -44.723270, -12.916135],
  "innovation_ned_m": [-96.968781, 162.420013, 46.583389],
  "x_prior": {"pos_ned_m": [-58.515003, -44.723270, -12.916135], "vel_ned_mps": [-1.126689, -0.937510, -0.110047]},
  "x_post": {"pos_ned_m": [-59.011189, -45.117374, -13.003848], "vel_ned_mps": [-1.181647, -0.984427, -0.118349]},
  "S_m2": [
      [63.950084686, 21.634105682, 5.575666428],
      [21.634105682, 50.171485901, 5.547317505],
      [5.575666428, 5.547317505, 36.203239441]
    ],
  "HPH_m2": [
      [38.950084686, 21.634105682, 5.575666428],
      [21.634105682, 25.171483994, 5.547317505],
      [5.575666428, 5.547317505, 11.203240395]
    ],
  "R_m2": 25.000000,
  "S_inv": [
      [0.424695611, -0.019504134, 0.000000000],
      [-0.019504132, 0.422220737, 0.000000000],
      [0.000000000, 0.000000000, 0.000000000]
    ],
  "P_vel_pos_cross_m2": [
      [0.936435640, 0.832528472, 0.163505256],
      [0.878737509, 0.873119950, 0.151325390],
      [0.235476792, 0.282653928, 0.097618677]
    ],
  "K_pos_pos": [
      [0.000000000, 0.000000000, 0.000000000],
      [0.000000000, 0.000000000, 0.000000000],
      [0.000000000, 0.000000000, 0.000000000]
    ],
  "K_vel_pos": [
      [0.044434901, 0.043884300, 0.000000000],
      [0.043884296, 0.050003376, 0.000000000],
      [0.006178226, 0.005503946, 0.000000000]
    ],
  "delta_x": {
    "pos_ned_m": [-0.496186495, -0.394104362, -0.087713622],
    "vel_ned_mps": [-0.054957755, -0.046917196, -0.008301549],
    "att_rad": [0.000317168, 0.000542448, 0.003476348],
    "bias_accel_norm": 0.003262864,
    "bias_gyro_norm": 0.000133162,
    "pos_norm_m": 0.639697552,
    "vel_norm_mps": 0.072735779,
    "att_norm_rad": 0.003532682
  },
  "nis": 2.916496,
  "interpretation": "K_vel_pos = P_vel_pos * S_inv; velocity correction only via cross-covariance, not H"
}

{
  "experiment": "GAP-3 GNSS K-block single-fix audit",
  "timestamp_s": 58.268447876,
  "gps_index": 56,
  "accepted": true,
  "measurement_model": {
    "z_observed": "position_only [pN,pE,pD]",
    "z_velocity_in_ekf": false,
    "gps_speed_available_in_log": true,
    "gps_speed_mps": 3.814606,
    "H_on_error_state": "implicit I3 on pos errors; zero on vel/att/bias"
  },
  "z_ned_m": [-236.828171, 32.844582, 33.667175],
  "hx_ned_m": [-44.153122, -43.805447, -19.836168],
  "innovation_ned_m": [-192.675049, 76.650024, 53.503342],
  "x_prior": {"pos_ned_m": [-44.153122, -43.805447, -19.836168], "vel_ned_mps": [1.814802, -0.232691, 0.335540]},
  "x_post": {"pos_ned_m": [-44.798595, -44.041340, -19.907223], "vel_ned_mps": [1.763226, -0.238247, 0.329762]},
  "S_m2": [
      [81.106536865, 24.290161133, 6.574481964],
      [24.290161133, 43.859806061, 3.700487614],
      [6.574481964, 3.700487614, 35.720935822]
    ],
  "HPH_m2": [
      [56.106533051, 24.290161133, 6.574481964],
      [24.290161133, 18.859806061, 3.700487614],
      [6.574481964, 3.700487614, 10.720934868]
    ],
  "R_m2": 25.000000,
  "S_inv": [
      [0.426795930, 0.000317091, 0.000000000],
      [0.000317091, 0.443628371, 0.000000000],
      [0.000000000, 0.000000000, 0.000000000]
    ],
  "P_vel_pos_cross_m2": [
      [1.030742645, 0.335280985, 0.124811955],
      [0.028417826, 0.025681632, -0.001062841],
      [0.161305621, 0.054753404, 0.027919302]
    ],
  "K_pos_pos": [
      [0.000000000, 0.000000000, 0.000000000],
      [0.000000000, 0.000000000, 0.000000000],
      [0.000000000, 0.000000000, 0.000000000]
    ],
  "K_vel_pos": [
      [0.039709162, -0.000713454, 0.000000000],
      [-0.000713454, 0.001836144, 0.000000000],
      [0.004926404, -0.000262908, 0.000000000]
    ],
  "delta_x": {
    "pos_ned_m": [-0.645472705, -0.235891432, -0.071054712],
    "vel_ned_mps": [-0.051575847, -0.005555316, -0.005778631],
    "att_rad": [0.000018987, -0.000124750, 0.002075189],
    "bias_accel_norm": 0.002671150,
    "bias_gyro_norm": 0.000051433,
    "pos_norm_m": 0.690889716,
    "vel_norm_mps": 0.052195039,
    "att_norm_rad": 0.002079022
  },
  "nis": 6.402309,
  "interpretation": "K_vel_pos = P_vel_pos * S_inv; velocity correction only via cross-covariance, not H"
}

{
  "experiment": "GAP-3 GNSS K-block single-fix audit",
  "timestamp_s": 59.268447876,
  "gps_index": 57,
  "accepted": true,
  "measurement_model": {
    "z_observed": "position_only [pN,pE,pD]",
    "z_velocity_in_ekf": false,
    "gps_speed_available_in_log": true,
    "gps_speed_mps": 4.596984,
    "H_on_error_state": "implicit I3 on pos errors; zero on vel/att/bias"
  },
  "z_ned_m": [-235.133530, 29.055582, 33.667126],
  "hx_ned_m": [-49.166218, -46.171352, -20.507088],
  "innovation_ned_m": [-185.967316, 75.226936, 54.174213],
  "x_prior": {"pos_ned_m": [-49.166218, -46.171352, -20.507088], "vel_ned_mps": [1.729776, -0.937132, 0.335794]},
  "x_post": {"pos_ned_m": [-48.829273, -46.100849, -20.455828], "vel_ned_mps": [1.760051, -0.955817, 0.340315]},
  "S_m2": [
      [79.647804260, 23.653316498, 6.379197121],
      [23.653316498, 43.618103027, 3.616649151],
      [6.379197121, 3.616649151, 35.705135345]
    ],
  "HPH_m2": [
      [54.647804260, 23.653316498, 6.379197121],
      [23.653316498, 18.618103027, 3.616649151],
      [6.379197121, 3.616649151, 10.705135345]
    ],
  "R_m2": 25.000000,
  "S_inv": [
      [0.434117109, 0.003718305, 0.000000000],
      [0.003718306, 0.442047209, 0.000000000],
      [0.000000000, 0.000000000, 0.000000000]
    ],
  "P_vel_pos_cross_m2": [
      [0.713371336, 0.219093025, 0.089987822],
      [-0.212251768, -0.042354465, -0.032836828],
      [0.122041814, 0.040670402, 0.023905907]
    ],
  "K_pos_pos": [
      [0.000000000, 0.000000000, 0.000000000],
      [0.000000000, 0.000000000, 0.000000000],
      [0.000000000, 0.000000000, 0.000000000]
    ],
  "K_vel_pos": [
      [0.023236549, -0.008366187, 0.000000000],
      [-0.008366186, 0.005393786, 0.000000000],
      [0.002633497, -0.001281685, 0.000000000]
    ],
  "delta_x": {
    "pos_ned_m": [0.336944312, 0.070503324, 0.051260289],
    "vel_ned_mps": [0.030274719, -0.018684695, 0.004521270],
    "att_rad": [0.000683241, 0.000259161, -0.000593708],
    "bias_accel_norm": 0.002937808,
    "bias_gyro_norm": 0.000024003,
    "pos_norm_m": 0.348037094,
    "vel_norm_mps": 0.035862491,
    "att_norm_rad": 0.000941526
  },
  "nis": 4.726550,
  "interpretation": "K_vel_pos = P_vel_pos * S_inv; velocity correction only via cross-covariance, not H"
}

{
  "experiment": "GAP-3 GNSS K-block single-fix audit",
  "timestamp_s": 60.268447876,
  "gps_index": 58,
  "accepted": true,
  "measurement_model": {
    "z_observed": "position_only [pN,pE,pD]",
    "z_velocity_in_ekf": false,
    "gps_speed_available_in_log": true,
    "gps_speed_mps": 4.563527,
    "H_on_error_state": "implicit I3 on pos errors; zero on vel/att/bias"
  },
  "z_ned_m": [-233.015213, 24.867741, 33.667072],
  "hx_ned_m": [-47.831909, -46.808147, -20.362020],
  "innovation_ned_m": [-185.183304, 71.675888, 54.029091],
  "x_prior": {"pos_ned_m": [-47.831909, -46.808147, -20.362020], "vel_ned_mps": [0.979357, -0.880900, 0.238135]},
  "x_post": {"pos_ned_m": [-47.056549, -46.670944, -20.244957], "vel_ned_mps": [1.049556, -0.926863, 0.247697]},
  "S_m2": [
      [80.674583435, 23.469219208, 6.523382187],
      [23.469219208, 43.475173950, 3.591618061],
      [6.523382187, 3.591618061, 35.736541748]
    ],
  "HPH_m2": [
      [55.674583435, 23.469219208, 6.523382187],
      [23.469219208, 18.475173950, 3.591618061],
      [6.523382187, 3.591618061, 10.736542702]
    ],
  "R_m2": 25.000000,
  "S_inv": [
      [0.432769477, 0.006014366, 0.000000000],
      [0.006014366, 0.439995944, 0.000000000],
      [0.000000000, 0.000000000, 0.000000000]
    ],
  "P_vel_pos_cross_m2": [
      [0.772296786, 0.194203794, 0.104360037],
      [-0.320249826, -0.039654434, -0.051970236],
      [0.133433089, 0.038687605, 0.027059570]
    ],
  "K_pos_pos": [
      [0.000000000, 0.000000000, 0.000000000],
      [0.000000000, 0.000000000, 0.000000000],
      [0.000000000, 0.000000000, 0.000000000]
    ],
  "K_vel_pos": [
      [0.026268777, -0.013532323, 0.000000000],
      [-0.013532325, 0.010009077, 0.000000000],
      [0.003161004, -0.001973896, 0.000000000]
    ],
  "delta_x": {
    "pos_ned_m": [0.775358617, 0.137201488, 0.117062829],
    "vel_ned_mps": [0.070198394, -0.045962859, 0.009561796],
    "att_rad": [0.001291424, 0.000673157, -0.001530818],
    "bias_accel_norm": 0.006559079,
    "bias_gyro_norm": 0.000050148,
    "pos_norm_m": 0.796058357,
    "vel_norm_mps": 0.084450148,
    "att_norm_rad": 0.002112894
  },
  "nis": 4.981657,
  "interpretation": "K_vel_pos = P_vel_pos * S_inv; velocity correction only via cross-covariance, not H"
}

{
  "experiment": "GAP-3 GNSS K-block single-fix audit",
  "timestamp_s": 63.268447876,
  "gps_index": 61,
  "accepted": true,
  "measurement_model": {
    "z_observed": "position_only [pN,pE,pD]",
    "z_velocity_in_ekf": false,
    "gps_speed_available_in_log": true,
    "gps_speed_mps": 5.030380,
    "H_on_error_state": "implicit I3 on pos errors; zero on vel/att/bias"
  },
  "z_ned_m": [-231.744263, 10.888360, 33.667007],
  "hx_ned_m": [-44.696995, -47.946686, -20.235823],
  "innovation_ned_m": [-187.047272, 58.835045, 53.902832],
  "x_prior": {"pos_ned_m": [-44.696995, -47.946686, -20.235823], "vel_ned_mps": [-3.098256, -1.142778, -0.534423]},
  "x_post": {"pos_ned_m": [-44.308868, -47.821777, -20.195316], "vel_ned_mps": [-3.082236, -1.147542, -0.531357]},
  "S_m2": [
      [84.071990967, 23.659065247, 7.017481327],
      [23.659065247, 42.782249451, 3.721417427],
      [7.017481327, 3.721417427, 35.827651978]
    ],
  "HPH_m2": [
      [59.071990967, 23.659065247, 7.017481327],
      [23.659065247, 17.782249451, 3.721417427],
      [7.017481327, 3.721417427, 10.827651978]
    ],
  "R_m2": 25.000000,
  "S_inv": [
      [0.436151803, -0.001582463, 0.000000000],
      [-0.001582463, 0.443188876, 0.000000000],
      [0.000000000, 0.000000000, 0.000000000]
    ],
  "P_vel_pos_cross_m2": [
      [0.555779338, 0.158256590, 0.062758647],
      [-0.005061649, -0.010335637, 0.001481440],
      [0.119975761, 0.034935236, 0.023735447]
    ],
  "K_pos_pos": [
      [0.000000000, 0.000000000, 0.000000000],
      [0.000000000, 0.000000000, 0.000000000],
      [0.000000000, 0.000000000, 0.000000000]
    ],
  "K_vel_pos": [
      [0.018658463, 0.003560542, 0.000000000],
      [0.003560541, 0.002825100, 0.000000000],
      [0.002935664, 0.000410572, 0.000000000]
    ],
  "delta_x": {
    "pos_ned_m": [0.388126194, 0.124906868, 0.040505946],
    "vel_ned_mps": [0.016020725, -0.004763180, 0.003066025],
    "att_rad": [0.000123371, -0.000192168, -0.001747165],
    "bias_accel_norm": 0.001134404,
    "bias_gyro_norm": 0.000040107,
    "pos_norm_m": 0.409736991,
    "vel_norm_mps": 0.016992705,
    "att_norm_rad": 0.001762026
  },
  "nis": 6.958819,
  "interpretation": "K_vel_pos = P_vel_pos * S_inv; velocity correction only via cross-covariance, not H"
}

{
  "experiment": "GAP-3 GNSS K-block single-fix audit",
  "timestamp_s": 64.268447876,
  "gps_index": 62,
  "accepted": true,
  "measurement_model": {
    "z_observed": "position_only [pN,pE,pD]",
    "z_velocity_in_ekf": false,
    "gps_speed_available_in_log": true,
    "gps_speed_mps": 4.750886,
    "H_on_error_state": "implicit I3 on pos errors; zero on vel/att/bias"
  },
  "z_ned_m": [-235.133575, 7.378562, 33.667061],
  "hx_ned_m": [-54.824650, -56.260700, -22.345093],
  "innovation_ned_m": [-180.308929, 63.639263, 56.012154],
  "x_prior": {"pos_ned_m": [-54.824650, -56.260700, -22.345093], "vel_ned_mps": [-2.285294, -2.183542, -0.488768]},
  "x_post": {"pos_ned_m": [-55.008171, -56.312946, -22.365822], "vel_ned_mps": [-2.302407, -2.198573, -0.491534]},
  "S_m2": [
      [84.485107422, 23.565998077, 7.098330498],
      [23.565998077, 42.599975586, 3.716294765],
      [7.098330498, 3.716294765, 35.854217529]
    ],
  "HPH_m2": [
      [59.485107422, 23.565998077, 7.098330498],
      [23.565998077, 17.599977493, 3.716294765],
      [7.098330498, 3.716294765, 10.854216576]
    ],
  "R_m2": 25.000000,
  "S_inv": [
      [0.440110713, -0.002633746, 0.000000000],
      [-0.002633746, 0.441206127, 0.000000000],
      [0.000000000, 0.000000000, 0.000000000]
    ],
  "P_vel_pos_cross_m2": [
      [0.333135247, 0.101930030, 0.034064505],
      [0.071216330, 0.014711769, 0.010839964],
      [0.090229534, 0.027136767, 0.020156408]
    ],
  "K_pos_pos": [
      [0.000000000, 0.000000000, 0.000000000],
      [0.000000000, 0.000000000, 0.000000000],
      [0.000000000, 0.000000000, 0.000000000]
    ],
  "K_vel_pos": [
      [0.009750969, 0.005925930, 0.000000000],
      [0.005925929, 0.007286300, 0.000000000],
      [0.001562766, 0.000968143, 0.000000000]
    ],
  "delta_x": {
    "pos_ned_m": [-0.183522716, -0.052246362, -0.020729452],
    "vel_ned_mps": [-0.017112384, -0.015030755, -0.002765697],
    "att_rad": [0.000205793, -0.000298466, 0.001088985],
    "bias_accel_norm": 0.001360189,
    "bias_gyro_norm": 0.000027035,
    "pos_norm_m": 0.191937447,
    "vel_norm_mps": 0.022943547,
    "att_norm_rad": 0.001147746
  },
  "nis": 1.122675,
  "interpretation": "K_vel_pos = P_vel_pos * S_inv; velocity correction only via cross-covariance, not H"
}

{
  "experiment": "GAP-3 GNSS K-block single-fix audit",
  "timestamp_s": 65.268447876,
  "gps_index": 63,
  "accepted": true,
  "measurement_model": {
    "z_observed": "position_only [pN,pE,pD]",
    "z_velocity_in_ekf": false,
    "gps_speed_available_in_log": true,
    "gps_speed_mps": 5.061264,
    "H_on_error_state": "implicit I3 on pos errors; zero on vel/att/bias"
  },
  "z_ned_m": [-239.370224, 5.284649, 33.667133],
  "hx_ned_m": [-79.864845, -69.278557, -26.971848],
  "innovation_ned_m": [-159.505371, 74.563202, 60.638981],
  "x_prior": {"pos_ned_m": [-79.864845, -69.278557, -26.971848], "vel_ned_mps": [-0.845899, -2.154242, -0.372393]},
  "x_post": {"pos_ned_m": [-80.102562, -69.358276, -26.989969], "vel_ned_mps": [-0.858265, -2.167072, -0.374139]},
  "S_m2": [
      [83.187423706, 22.964010239, 6.865581512],
      [22.964010239, 42.313762665, 3.612478733],
      [6.865581512, 3.612478733, 35.825225830]
    ],
  "HPH_m2": [
      [58.187419891, 22.964010239, 6.865581512],
      [22.964010239, 17.313762665, 3.612478733],
      [6.865581512, 3.612478733, 10.825225830]
    ],
  "R_m2": 25.000000,
  "S_inv": [
      [0.442988724, -0.001418115, 0.000000000],
      [-0.001418115, 0.438919216, 0.000000000],
      [0.000000000, 0.000000000, 0.000000000]
    ],
  "P_vel_pos_cross_m2": [
      [0.142755881, 0.047739439, 0.010682142],
      [0.131450564, 0.051073801, 0.020363882],
      [0.061996479, 0.019598581, 0.016817193]
    ],
  "K_pos_pos": [
      [0.000000000, 0.000000000, 0.000000000],
      [0.000000000, 0.000000000, 0.000000000],
      [0.000000000, 0.000000000, 0.000000000]
    ],
  "K_vel_pos": [
      [0.003275408, 0.003190759, 0.000000000],
      [0.003190760, 0.012431826, 0.000000000],
      [0.000454110, 0.000814010, 0.000000000]
    ],
  "delta_x": {
    "pos_ned_m": [-0.237720087, -0.079721928, -0.018121369],
    "vel_ned_mps": [-0.012366013, -0.012830080, -0.001745689],
    "att_rad": [0.000022545, -0.000247855, 0.001552837],
    "bias_accel_norm": 0.001116301,
    "bias_gyro_norm": 0.000034391,
    "pos_norm_m": 0.251385778,
    "vel_norm_mps": 0.017904654,
    "att_norm_rad": 0.001572655
  },
  "nis": 6.045554,
  "interpretation": "K_vel_pos = P_vel_pos * S_inv; velocity correction only via cross-covariance, not H"
}

{
  "experiment": "GAP-3 GNSS K-block single-fix audit",
  "timestamp_s": 69.268447876,
  "gps_index": 67,
  "accepted": true,
  "measurement_model": {
    "z_observed": "position_only [pN,pE,pD]",
    "z_velocity_in_ekf": false,
    "gps_speed_available_in_log": true,
    "gps_speed_mps": 5.995999,
    "H_on_error_state": "implicit I3 on pos errors; zero on vel/att/bias"
  },
  "z_ned_m": [-261.400757, 10.888404, 33.667580],
  "hx_ned_m": [-110.938797, -81.195564, -31.032261],
  "innovation_ned_m": [-150.461960, 92.083969, 64.699844],
  "x_prior": {"pos_ned_m": [-110.938797, -81.195564, -31.032261], "vel_ned_mps": [-1.557751, 1.641047, -0.297210]},
  "x_post": {"pos_ned_m": [-110.792450, -80.774925, -30.932831], "vel_ned_mps": [-1.701157, 1.730812, -0.303432]},
  "S_m2": [
      [77.554901123, 21.234020233, 6.082703590],
      [21.234020233, 42.390213013, 3.475367069],
      [6.082703590, 3.475367069, 35.751213074]
    ],
  "HPH_m2": [
      [52.554897308, 21.234020233, 6.082703590],
      [21.234020233, 17.390213013, 3.475367069],
      [6.082703590, 3.475367069, 10.751214981]
    ],
  "R_m2": 25.000000,
  "S_inv": [
      [0.430058628, 0.008678077, 0.000000000],
      [0.008678077, 0.437787443, 0.000000000],
      [0.000000000, 0.000000000, 0.000000000]
    ],
  "P_vel_pos_cross_m2": [
      [-0.124803931, -0.240448043, -0.058761548],
      [-0.139138684, 0.068158463, 0.008494878],
      [0.002682364, -0.008900317, 0.007742309]
    ],
  "K_pos_pos": [
      [0.000000000, 0.000000000, 0.000000000],
      [0.000000000, 0.000000000, 0.000000000],
      [0.000000000, 0.000000000, 0.000000000]
    ],
  "K_vel_pos": [
      [0.032368015, -0.019525675, 0.000000000],
      [-0.019525673, 0.014978314, 0.000000000],
      [0.001396214, -0.000877992, 0.000000000]
    ],
  "delta_x": {
    "pos_ned_m": [0.146343514, 0.420638412, 0.099430323],
    "vel_ned_mps": [-0.143405974, 0.089765064, -0.006222284],
    "att_rad": [-0.001208797, 0.002291513, -0.001477733],
    "bias_accel_norm": 0.011313981,
    "bias_gyro_norm": 0.000057787,
    "pos_norm_m": 0.456332654,
    "vel_norm_mps": 0.169297844,
    "att_norm_rad": 0.002982603
  },
  "nis": 6.650106,
  "interpretation": "K_vel_pos = P_vel_pos * S_inv; velocity correction only via cross-covariance, not H"
}

{
  "experiment": "GAP-3 GNSS K-block single-fix audit",
  "timestamp_s": 70.268447876,
  "gps_index": 68,
  "accepted": true,
  "measurement_model": {
    "z_observed": "position_only [pN,pE,pD]",
    "z_velocity_in_ekf": false,
    "gps_speed_available_in_log": true,
    "gps_speed_mps": 6.096885,
    "H_on_error_state": "implicit I3 on pos errors; zero on vel/att/bias"
  },
  "z_ned_m": [-266.908386, 13.401123, 33.667706],
  "hx_ned_m": [-120.212151, -81.910522, -31.444981],
  "innovation_ned_m": [-146.696228, 95.311646, 65.112686],
  "x_prior": {"pos_ned_m": [-120.212151, -81.910522, -31.444981], "vel_ned_mps": [-2.752599, 2.120462, -0.227048]},
  "x_post": {"pos_ned_m": [-120.229759, -81.532639, -31.366444], "vel_ned_mps": [-2.892163, 2.190565, -0.230733]},
  "S_m2": [
      [76.957290649, 20.573286057, 5.990549564],
      [20.573286057, 42.384654999, 3.460494518],
      [5.990549564, 3.460494518, 35.757926941]
    ],
  "HPH_m2": [
      [51.957290649, 20.573286057, 5.990549564],
      [20.573286057, 17.384654999, 3.460494518],
      [5.990549564, 3.460494518, 10.757928848]
    ],
  "R_m2": 25.000000,
  "S_inv": [
      [0.423733324, 0.010155688, 0.000000000],
      [0.010155687, 0.437595189, 0.000000000],
      [0.000000000, 0.000000000, 0.000000000]
    ],
  "P_vel_pos_cross_m2": [
