{
  "experiment": "GAP-3 GNSS K-block single-fix audit",
  "timestamp_s": 5.664433479,
  "gps_index": 2,
  "accepted": true,
  "measurement_model": {
    "z_observed": "position_only [pN,pE,pD]",
    "z_velocity_in_ekf": false,
    "gps_speed_available_in_log": true,
    "gps_speed_mps": 0.424810,
    "H_on_error_state": "implicit I3 on pos errors; zero on vel/att/bias"
  },
  "z_ned_m": [-29.232857, -3.868654, 27.366802],
  "hx_ned_m": [-0.228882, -0.000005, 0.617539],
  "innovation_ned_m": [-29.003975, -3.868649, 26.749264],
  "x_prior": {"pos_ned_m": [-0.228882, -0.000005, 0.617539], "vel_ned_mps": [0.055701, -0.000817, -0.002579]},
  "x_post": {"pos_ned_m": [-1.460611, -0.033230, 1.125167], "vel_ned_mps": [-0.035734, -0.002293, 0.002141]},
  "S_m2": [
      [626.027526855, 0.049725723, -3.766936541],
      [0.049725723, 392.812255859, -0.000789209],
      [-3.766936541, -0.000789209, 397.738037109]
    ],
  "HPH_m2": [
      [237.188583374, 0.049725723, -3.766936541],
      [0.049725723, 3.973284483, -0.000789209],
      [-3.766936541, -0.000789209, 8.899072647]
    ],
  "R_m2": 388.838959,
  "S_inv": [
      [0.002011529, -0.000000013, 0.000001440],
      [-0.000000013, 0.002094559, 0.000000000],
      [0.000001440, 0.000000000, 0.002073406]
    ],
  "P_vel_pos_cross_m2": [
      [140.023056030, 0.030545644, -2.243971348],
      [0.036739003, 0.005185081, -0.000589502],
      [-2.077043772, -0.000450767, 0.043362495]
    ],
  "K_pos_pos": [
      [0.047633097, 0.000006280, -0.000681865],
      [0.000006280, 0.008322233, -0.000000083],
      [-0.000681865, -0.000000083, 0.018337203]
    ],
  "K_vel_pos": [
      [0.006901104, 0.000001519, -0.000109057],
      [0.000000993, 0.000010804, -0.000000017],
      [-0.000195814, -0.000000038, 0.000023987]
    ],
  "delta_x": {
    "pos_ned_m": [-1.231728077, -0.033224851, 0.507627726],
    "vel_ned_mps": [-0.091434345, -0.001476607, 0.004720203],
    "att_rad": [0.000044834, 0.022349343, 0.007056310],
    "bias_accel_norm": 0.032178674,
    "bias_gyro_norm": 0.008439730,
    "pos_norm_m": 1.332645416,
    "vel_norm_mps": 0.091568008,
    "att_norm_rad": 0.023436865
  },
  "nis": 3.292544,
  "interpretation": "K_vel_pos = P_vel_pos * S_inv; velocity correction only via cross-covariance, not H"
}

{
  "experiment": "GAP-3 GNSS K-block single-fix audit",
  "timestamp_s": 6.053678513,
  "gps_index": 3,
  "accepted": true,
  "measurement_model": {
    "z_observed": "position_only [pN,pE,pD]",
    "z_velocity_in_ekf": false,
    "gps_speed_available_in_log": true,
    "gps_speed_mps": 0.581609,
    "H_on_error_state": "implicit I3 on pos errors; zero on vel/att/bias"
  },
  "z_ned_m": [-28.809191, -4.247542, 27.366808],
  "hx_ned_m": [-1.462437, -0.032771, 1.125164],
  "innovation_ned_m": [-27.346754, -4.214771, 26.241644],
  "x_prior": {"pos_ned_m": [-1.462437, -0.032771, 1.125164], "vel_ned_mps": [0.043744, 0.006197, 0.000579]},
  "x_post": {"pos_ned_m": [-3.214317, -0.088257, 1.885945], "vel_ned_mps": [0.131197, 0.005028, 0.002200]},
  "S_m2": [
      [498.438446045, 0.009004193, -0.398313224],
      [0.009004193, 477.394866943, -0.000174467],
      [-0.398313224, -0.000174467, 482.141784668]
    ],
  "HPH_m2": [
      [24.984346390, 0.009004193, -0.398313224],
      [0.009004193, 3.940754890, -0.000174467],
      [-0.398313224, -0.000174467, 8.687676430]
    ],
  "R_m2": 473.454102,
  "S_inv": [
      [0.003090233, -0.000000063, 0.000003507],
      [-0.000000063, 0.003282818, 0.000000001],
      [0.000003507, 0.000000001, 0.003232461]
    ],
  "P_vel_pos_cross_m2": [
      [3.292086124, 0.004418144, -0.075447522],
      [0.005754319, 0.004006936, -0.000132618],
      [-0.112515226, -0.000119495, 0.012289639]
    ],
  "K_pos_pos": [
      [0.070842318, 0.000019020, -0.001054567],
      [0.000019020, 0.012936744, -0.000000333],
      [-0.001054567, -0.000000333, 0.028077846]
    ],
  "K_vel_pos": [
      [0.004349329, 0.000006099, -0.000099331],
      [0.000008133, 0.000013101, -0.000000188],
      [-0.000207547, -0.000000188, 0.000036131]
    ],
  "delta_x": {
    "pos_ned_m": [-1.751880169, -0.055485476, 0.760780632],
    "vel_ned_mps": [0.087453045, -0.001168529, 0.001621480],
    "att_rad": [0.000044987, 0.045488451, 0.004537978],
    "bias_accel_norm": 0.051914725,
    "bias_gyro_norm": 0.014551974,
    "pos_norm_m": 1.910745859,
    "vel_norm_mps": 0.087475881,
    "att_norm_rad": 0.045714270
  },
  "nis": 4.733019,
  "interpretation": "K_vel_pos = P_vel_pos * S_inv; velocity correction only via cross-covariance, not H"
}

{
  "experiment": "GAP-3 GNSS K-block single-fix audit",
  "timestamp_s": 6.922794342,
  "gps_index": 4,
  "accepted": true,
  "measurement_model": {
    "z_observed": "position_only [pN,pE,pD]",
    "z_velocity_in_ekf": false,
    "gps_speed_available_in_log": true,
    "gps_speed_mps": 0.372331,
    "H_on_error_state": "implicit I3 on pos errors; zero on vel/att/bias"
  },
  "z_ned_m": [-28.809191, -4.347250, 27.366810],
  "hx_ned_m": [-3.085410, -0.078136, 1.897275],
  "innovation_ned_m": [-25.723782, -4.269113, 25.469534],
  "x_prior": {"pos_ned_m": [-3.085410, -0.078136, 1.897275], "vel_ned_mps": [-0.347333, 0.517207, 0.018996]},
  "x_post": {"pos_ned_m": [-5.330166, -0.150224, 2.833557], "vel_ned_mps": [-0.192751, 0.509151, 0.016878]},
  "S_m2": [
      [321.335571289, -0.011214410, -0.376935750],
      [-0.011214410, 304.566680908, 0.000615269],
      [-0.376935750, 0.000615269, 309.130310059]
    ],
  "HPH_m2": [
      [20.659980774, -0.011214410, -0.376935750],
      [-0.011214410, 3.891092300, 0.000615269],
      [-0.376935750, 0.000615269, 8.454716682]
    ],
  "R_m2": 300.675598,
  "S_inv": [
      [0.003980479, 0.000000206, 0.000006294],
      [0.000000206, 0.004263736, -0.000000010],
      [0.000006294, -0.000000010, 0.004182366]
    ],
  "P_vel_pos_cross_m2": [
      [-0.464557320, -0.005192316, -0.006751649],
      [0.024952466, 0.004191471, 0.000105895],
      [-0.020638874, 0.000203675, 0.011277818]
    ],
  "K_pos_pos": [
      [0.081922404, -0.000047474, -0.001451693],
      [-0.000047474, 0.016590515, 0.000002403],
      [-0.001451692, 0.000002403, 0.035358272]
    ],
  "K_vel_pos": [
      [-0.001505598, -0.000018013, -0.000025377],
      [0.000089035, 0.000017701, 0.000000430],
      [-0.000099671, 0.000000650, 0.000046742]
    ],
  "delta_x": {
    "pos_ned_m": [-2.244756222, -0.072087698, 0.936281502],
    "vel_ned_mps": [0.154581994, -0.008056029, -0.002117826],
    "att_rad": [0.000268985, 0.047487199, -0.000760206],
    "bias_accel_norm": 0.052338269,
    "bias_gyro_norm": 0.012772081,
    "pos_norm_m": 2.433259249,
    "vel_norm_mps": 0.154806256,
    "att_norm_rad": 0.047494046
  },
  "nis": 5.798185,
  "interpretation": "K_vel_pos = P_vel_pos * S_inv; velocity correction only via cross-covariance, not H"
}

{
  "experiment": "GAP-3 GNSS K-block single-fix audit",
  "timestamp_s": 8.536244392,
  "gps_index": 5,
  "accepted": true,
  "measurement_model": {
    "z_observed": "position_only [pN,pE,pD]",
    "z_velocity_in_ekf": false,
    "gps_speed_available_in_log": true,
    "gps_speed_mps": 0.803098,
    "H_on_error_state": "implicit I3 on pos errors; zero on vel/att/bias"
  },
  "z_ned_m": [-27.961861, -5.463974, 27.366821],
  "hx_ned_m": [-6.386604, -0.128100, 2.783259],
  "innovation_ned_m": [-21.575256, -5.335873, 24.583563],
  "x_prior": {"pos_ned_m": [-6.386604, -0.128100, 2.783259], "vel_ned_mps": [1.374308, 0.848434, -0.096884]},
  "x_post": {"pos_ned_m": [-7.667124, -0.241111, 3.922571], "vel_ned_mps": [1.287795, 0.842462, -0.080912]},
  "S_m2": [
      [243.231781006, -0.012197469, -0.242728770],
      [-0.012197469, 234.478515625, 0.001902971],
      [-0.242728770, 0.001902971, 238.825378418]
    ],
  "HPH_m2": [
      [12.586808205, -0.012197469, -0.242728770],
      [-0.012197469, 3.833539009, 0.001902971],
      [-0.242728770, 0.001902971, 8.180400848]
    ],
  "R_m2": 230.644974,
  "S_inv": [
      [0.005375581, 0.000000486, 0.000007309],
      [0.000000486, 0.005635696, -0.000000055],
      [0.000007309, -0.000000055, 0.005500946]
    ],
  "P_vel_pos_cross_m2": [
      [-0.675553501, -0.015210442, -0.017991822],
      [0.031771623, 0.007343642, 0.000320104],
      [0.036690377, 0.001407716, 0.015901901]
    ],
  "K_pos_pos": [
      [0.066761747, -0.000084333, -0.001268896],
      [-0.000084333, 0.021604044, 0.000009586],
      [-0.001268896, 0.000009586, 0.044997487]
    ],
  "K_vel_pos": [
      [-0.002983699, -0.000070433, -0.000085391],
      [0.000144150, 0.000040546, 0.000001248],
      [0.000129169, 0.000006330, 0.000085793]
    ],
  "delta_x": {
    "pos_ned_m": [-1.280519366, -0.113010950, 1.139312029],
    "vel_ned_mps": [-0.086513467, -0.005971971, 0.015971905],
    "att_rad": [0.001159646, -0.000281791, 0.008439919],
    "bias_accel_norm": 0.015970947,
    "bias_gyro_norm": 0.003617845,
    "pos_norm_m": 1.717711687,
    "vel_norm_mps": 0.088177927,
    "att_norm_rad": 0.008523873
  },
  "nis": 7.319854,
  "interpretation": "K_vel_pos = P_vel_pos * S_inv; velocity correction only via cross-covariance, not H"
}

{
  "experiment": "GAP-3 GNSS K-block single-fix audit",
  "timestamp_s": 9.544651985,
  "gps_index": 6,
  "accepted": true,
  "measurement_model": {
    "z_observed": "position_only [pN,pE,pD]",
    "z_velocity_in_ekf": false,
    "gps_speed_available_in_log": true,
    "gps_speed_mps": 0.542723,
    "H_on_error_state": "implicit I3 on pos errors; zero on vel/att/bias"
  },
  "z_ned_m": [-27.961861, -5.763096, 27.366827],
  "hx_ned_m": [-4.645333, -0.323254, 3.417802],
  "innovation_ned_m": [-23.316528, -5.439842, 23.949026],
  "x_prior": {"pos_ned_m": [-4.645333, -0.323254, 3.417802], "vel_ned_mps": [1.687068, 0.262444, -0.253192]},
  "x_post": {"pos_ned_m": [-6.234399, -0.466964, 4.822136], "vel_ned_mps": [1.348384, 0.244615, -0.191282]},
  "S_m2": [
      [184.031539917, -0.025668146, -0.230444774],
      [-0.025668146, 177.398895264, 0.001926939],
      [-0.230444774, 0.001926939, 181.467987061]
    ],
  "HPH_m2": [
      [10.424573898, -0.025668146, -0.230444774],
      [-0.025668146, 3.791930437, 0.001926939],
      [-0.230444774, 0.001926939, 7.861025333]
    ],
  "R_m2": 173.606964,
  "S_inv": [
      [0.006889886, 0.000001475, 0.000011676],
      [0.000001475, 0.007218347, -0.000000029],
      [0.000011676, -0.000000029, 0.007012525]
    ],
  "P_vel_pos_cross_m2": [
      [-0.302339911, -0.037983783, -0.115275696],
      [0.014803910, 0.054583929, -0.003447903],
      [0.015360855, 0.002616854, 0.045041148]
    ],
  "K_pos_pos": [
      [0.071617626, -0.000198814, -0.001573303],
      [-0.000198814, 0.027358916, 0.000003850],
      [-0.001573303, 0.000003850, 0.055092704]
    ],
  "K_vel_pos": [
      [-0.001512340, -0.000196655, -0.000589486],
      [0.000084500, 0.000379207, -0.000028742],
      [0.000020624, 0.000008034, 0.000282566]
    ],
  "delta_x": {
    "pos_ned_m": [-1.589066625, -0.143710062, 1.404334307],
    "vel_ned_mps": [-0.338683873, -0.017829107, 0.061910227],
    "att_rad": [0.003531413, -0.014880444, 0.013837351],
    "bias_accel_norm": 0.032317106,
    "bias_gyro_norm": 0.007967444,
    "pos_norm_m": 2.125544548,
    "vel_norm_mps": 0.344757199,
    "att_norm_rad": 0.020624518
  },
  "nis": 8.767570,
  "interpretation": "K_vel_pos = P_vel_pos * S_inv; velocity correction only via cross-covariance, not H"
}

{
  "experiment": "GAP-3 GNSS K-block single-fix audit",
  "timestamp_s": 10.553059578,
  "gps_index": 7,
  "accepted": true,
  "measurement_model": {
    "z_observed": "position_only [pN,pE,pD]",
    "z_velocity_in_ekf": false,
    "gps_speed_available_in_log": true,
    "gps_speed_mps": 2.637817,
    "H_on_error_state": "implicit I3 on pos errors; zero on vel/att/bias"
  },
  "z_ned_m": [-27.114532, -5.543739, 27.366837],
  "hx_ned_m": [-4.448273, -0.434292, 4.293818],
  "innovation_ned_m": [-22.666260, -5.109447, 23.073019],
  "x_prior": {"pos_ned_m": [-4.448273, -0.434292, 4.293818], "vel_ned_mps": [2.170019, -0.279876, -0.426393]},
  "x_post": {"pos_ned_m": [-6.070385, -0.516646, 5.624133], "vel_ned_mps": [2.213318, -0.224625, -0.421733]},
  "S_m2": [
      [144.620712280, -0.001921711, -0.416887224],
      [-0.001921711, 138.580886841, -0.013454570],
      [-0.416887224, -0.013454570, 142.269271851]
    ],
  "HPH_m2": [
      [9.875047684, -0.001921711, -0.416887224],
      [-0.001921711, 3.835226774, -0.013454570],
      [-0.416887224, -0.013454570, 7.523604393]
    ],
  "R_m2": 134.745667,
  "S_inv": [
      [0.007417060, 0.000000372, 0.000020455],
      [0.000000372, 0.007758920, 0.000000702],
      [0.000020455, 0.000000702, 0.007543870]
    ],
  "P_vel_pos_cross_m2": [
      [0.621217251, 0.004539600, -0.293206871],
      [0.063825540, 0.160868332, -0.020373696],
      [-0.122930363, 0.000300513, 0.086350866]
    ],
  "K_pos_pos": [
      [0.072426461, -0.000046464, -0.002558098],
      [-0.000046464, 0.029673640, -0.000087842],
      [-0.002558098, -0.000087842, 0.056567412]
    ],
  "K_vel_pos": [
      [0.002889952, 0.000006441, -0.001382099],
      [0.000385038, 0.001168649, -0.000114895],
      [-0.000636660, 0.000006053, 0.000518359]
    ],
  "delta_x": {
    "pos_ned_m": [-1.622111559, -0.082354389, 1.330315113],
    "vel_ned_mps": [0.043298643, 0.055250235, 0.004660289],
    "att_rad": [0.002300205, 0.001890427, -0.025303835],
    "bias_accel_norm": 0.012397005,
    "bias_gyro_norm": 0.007940550,
    "pos_norm_m": 2.099467993,
    "vel_norm_mps": 0.070349693,
    "att_norm_rad": 0.025478398
  },
  "nis": 8.568154,
  "interpretation": "K_vel_pos = P_vel_pos * S_inv; velocity correction only via cross-covariance, not H"
}

{
  "experiment": "GAP-3 GNSS K-block single-fix audit",
  "timestamp_s": 39.524677277,
  "gps_index": 37,
  "accepted": true,
  "measurement_model": {
    "z_observed": "position_only [pN,pE,pD]",
    "z_velocity_in_ekf": false,
    "gps_speed_available_in_log": true,
    "gps_speed_mps": 0.000000,
    "H_on_error_state": "implicit I3 on pos errors; zero on vel/att/bias"
  },
  "z_ned_m": [-147.434204, 114.904762, 33.667168],
  "hx_ned_m": [-9.905221, 58.911568, 15.599118],
  "innovation_ned_m": [-137.528976, 55.993195, 18.068050],
  "x_prior": {"pos_ned_m": [-9.905221, 58.911568, 15.599118], "vel_ned_mps": [-5.767327, 0.443107, -1.953513]},
  "x_post": {"pos_ned_m": [-12.480646, 58.013424, 14.715825], "vel_ned_mps": [-5.942339, 0.484984, -2.034375]},
  "S_m2": [
      [97.817955017, 39.601272583, 31.501249313],
      [39.601272583, 68.108154297, 24.203458786],
      [31.501249313, 24.203458786, 50.397186279]
    ],
  "HPH_m2": [
      [72.817955017, 39.601272583, 31.501249313],
      [39.601272583, 43.108150482, 24.203458786],
      [31.501249313, 24.203458786, 25.397186279]
    ],
  "R_m2": 25.000000,
  "S_inv": [
      [0.000359584, -0.000005138, -0.000004097],
      [-0.000005138, 0.000363447, -0.000003158],
      [-0.000004097, -0.000003158, 0.000365773]
    ],
  "P_vel_pos_cross_m2": [
      [4.899602413, 2.500926495, 2.364597321],
      [-0.825023115, 0.129257008, -0.276616901],
      [2.373068810, 1.373078227, 1.217576861]
    ],
  "K_pos_pos": [
      [0.025851641, 0.013919335, 0.011098937],
      [0.013919334, 0.015387609, 0.008554612],
      [0.011098936, 0.008554612, 0.009084127]
    ],
  "K_vel_pos": [
      [0.001739281, 0.000876312, 0.000836936],
      [-0.000296196, 0.000052090, -0.000098207],
      [0.000841274, 0.000483003, 0.000431299]
    ],
  "delta_x": {
    "pos_ned_m": [-2.575425386, -0.898145258, -0.883292794],
    "vel_ned_mps": [-0.175012246, 0.041877825, -0.080861986],
    "att_rad": [0.001077791, 0.000304095, 0.003274536],
    "bias_accel_norm": 0.012893990,
    "bias_gyro_norm": 0.000257620,
    "pos_norm_m": 2.866999626,
    "vel_norm_mps": 0.197285831,
    "att_norm_rad": 0.003460736
  },
  "nis": 8.153254,
  "interpretation": "K_vel_pos = P_vel_pos * S_inv; velocity correction only via cross-covariance, not H"
}

