timestamp_s,dt_s,a_body_x,a_body_y,a_body_z,a_corr_x,a_corr_y,a_corr_z,bias_ax,bias_ay,bias_az,roll_deg,pitch_deg,yaw_deg,dcm_bn_00,dcm_bn_01,dcm_bn_02,dcm_bn_10,dcm_bn_11,dcm_bn_12,dcm_bn_20,dcm_bn_21,dcm_bn_22,a_nav_pre_g_n,a_nav_pre_g_e,a_nav_pre_g_d,a_nav_pre_g_h,g_ned_n,g_ned_e,g_ned_d,g_body_pred_x,g_body_pred_y,g_body_pred_z,a_lin_n,a_lin_e,a_lin_d,a_lin_h,residual_body_x,residual_body_y,residual_body_z,residual_body_h,angle_a_corr_vs_g_body_pred_deg,body_axis0_to_nav_h_mps2,body_axis1_to_nav_h_mps2,body_axis2_to_nav_h_mps2,gravity_alignment_error_deg,gps_speed_mps,h9a_applied,constraint_mode
1.532875061,0.010000000,-0.162002429,-0.002417088,9.798858643,-0.162015632,-0.002417868,9.799670219,0.000013202,0.000000780,-0.000811577,-0.055176,0.931079,0.000281,0.999867916,-0.000020559,0.016249662,0.000004910,0.999999523,0.000963077,-0.016249673,-0.000962870,0.999867439,-0.002752855,0.007019173,9.801006317,0.007539695,0.000000000,0.000000000,9.806650162,-0.159354866,-0.009442529,9.805350304,-0.002752855,0.007019173,-0.005643845,0.007539695,-0.002660766,0.007024661,-0.005680084,0.007512,0.044234656,0.161994234,0.002417867,0.159521,0.044235,0,1
1.542959094,0.010000001,-0.157054916,-0.007844925,9.796842575,-0.157068118,-0.007845705,9.797654152,0.000013202,0.000000780,-0.000811577,-0.055294,0.930986,0.000563,0.999868214,-0.000025501,0.016248044,0.000009820,0.999999702,0.000965218,-0.016248062,-0.000964931,0.999867737,0.002145484,0.001609625,9.798917770,0.002682162,0.000000000,0.000000000,9.806650162,-0.159339055,-0.009462739,9.805353165,0.002145484,0.001609625,-0.007732391,0.002682162,0.002270937,0.001617034,-0.007699013,0.002788,0.000000000,0.157047421,0.007845703,0.159473,0.000000,0,1
1.552947998,0.010000001,-0.159011334,-0.014177799,9.795330048,-0.159024537,-0.014178580,9.796141624,0.000013202,0.000000780,-0.000811577,-0.055416,0.931388,0.000454,0.999867916,-0.000023644,0.016255066,0.000007921,0.999999523,0.000967314,-0.016255081,-0.000967057,0.999867439,0.000233725,-0.004703892,9.797441483,0.004709695,0.000000000,0.000000000,9.806650162,-0.159407884,-0.009483589,9.805350304,0.000233725,-0.004703892,-0.009208679,0.004709695,0.000383347,-0.004694991,-0.009208679,0.004711,0.019782340,0.159003526,0.014178573,0.159519,0.019782,0,1
1.563018799,0.011000001,-0.162043795,-0.020420074,9.800231934,-0.162056997,-0.020420855,9.801043510,0.000013202,0.000000780,-0.000811577,-0.055546,0.931287,0.000763,0.999867916,-0.000029081,0.016253281,0.000013322,0.999999523,0.000969668,-0.016253304,-0.000969324,0.999867439,-0.002735883,-0.010919242,9.802398682,0.011256771,0.000000000,0.000000000,9.806650162,-0.159390464,-0.009505820,9.805350304,-0.002735883,-0.010919242,-0.004251480,0.011256771,-0.002666533,-0.010915035,-0.004306793,0.011236,0.065610602,0.162035599,0.020420846,0.159582,0.065611,0,1
1.573089480,0.010000001,-0.150049865,-0.018589497,9.802639008,-0.150063068,-0.018590277,9.803450584,0.000013202,0.000000780,-0.000811577,-0.055664,0.931194,0.001045,0.999867916,-0.000034023,0.016251661,0.000018232,0.999999523,0.000971809,-0.016251687,-0.000971385,0.999867439,0.009279728,-0.009065920,9.804607391,0.012973214,0.000000000,0.000000000,9.806650162,-0.159374610,-0.009526028,9.805350304,0.009279728,-0.009065920,-0.002042770,0.012973214,0.009311542,-0.009064249,-0.001899719,0.012995,0.074018739,0.150043249,0.018590268,0.159607,0.074019,0,1
1.583295226,0.010000001,-0.147051916,-0.021982670,9.801498413,-0.147065118,-0.021983450,9.802309990,0.000013202,0.000000780,-0.000811577,-0.055782,0.931101,0.001326,0.999867916,-0.000038966,0.016250040,0.000023142,0.999999523,0.000973950,-0.016250070,-0.000973445,0.999867439,0.012243092,-0.012439882,9.803421021,0.017454052,0.000000000,0.000000000,9.806650162,-0.159358755,-0.009546238,9.805350304,0.012243092,-0.012439882,-0.003229141,0.017454052,0.012293637,-0.012437212,-0.003040314,0.017488,0.102792069,0.147045687,0.021983439,0.159574,0.102792,0,1
1.593292236,0.010000001,-0.145101935,-0.021986485,9.801506042,-0.145115137,-0.021987265,9.802317619,0.000013202,0.000000780,-0.000811577,-0.055907,0.930619,0.001112,0.999868155,-0.000035263,0.016241621,0.000019413,0.999999523,0.000976069,-0.016241647,-0.000975625,0.999867678,0.014110297,-0.012422334,9.803399086,0.018799331,0.000000000,0.000000000,9.806650162,-0.159276158,-0.009567610,9.805352211,0.014110297,-0.012422334,-0.003251076,0.018799331,0.014161021,-0.012419655,-0.003034592,0.018836,0.110143423,0.145096004,0.021987254,0.159493,0.110143,0,1
1.603363037,0.010000001,-0.142073765,-0.016569138,9.797253609,-0.142086968,-0.016569918,9.798065186,0.000013202,0.000000780,-0.000811577,-0.056025,0.930526,0.001394,0.999868155,-0.000040205,0.016240001,0.000024323,0.999999523,0.000978210,-0.016240031,-0.000977685,0.999867678,0.017053023,-0.006988805,9.799093246,0.018429568,0.000000000,0.000000000,9.806650162,-0.159260303,-0.009587819,9.805352211,0.017053023,-0.006988805,-0.007556915,0.018429568,0.017173335,-0.006982099,-0.007287025,0.018538,0.106531173,0.142068237,0.016569911,0.159409,0.106531,0,1
1.613547206,0.010000001,-0.135050029,-0.018619537,9.802700043,-0.135063231,-0.018620318,9.803511620,0.000013202,0.000000780,-0.000811577,-0.056143,0.930434,0.001675,0.999868155,-0.000045148,0.016238378,0.000029232,0.999999523,0.000980350,-0.016238416,-0.000979746,0.999867678,0.024148539,-0.009013382,9.804426193,0.025775822,0.000000000,0.000000000,9.806650162,-0.159244463,-0.009608029,9.805352211,0.024148539,-0.009013382,-0.002223969,0.025775822,0.024181232,-0.009012288,-0.001840591,0.025806,0.150657848,0.135045424,0.018620308,0.159483,0.150658,0,1
1.623565555,0.010000001,-0.138082966,-0.022856712,9.808696747,-0.138096169,-0.022857493,9.809508324,0.000013202,0.000000780,-0.000811577,-0.056261,0.930341,0.001956,0.999868155,-0.000050090,0.016236758,0.000034142,0.999999523,0.000982491,-0.016236799,-0.000981807,0.999867678,0.021197796,-0.013224442,9.810475349,0.024984645,0.000000000,0.000000000,9.806650162,-0.159228608,-0.009628239,9.805352211,0.021197796,-0.013224442,0.003825188,0.024984645,0.021132439,-0.013229254,0.004156113,0.024932,0.144017652,0.138077959,0.022857482,0.159566,0.144018,0,1
1.633682728,0.010000001,-0.140174568,-0.019288540,9.808366776,-0.140187770,-0.019289320,9.809178352,0.000013202,0.000000780,-0.000811577,-0.055759,0.930352,0.001355,0.999868155,-0.000039454,0.016236961,0.000023649,0.999999523,0.000973565,-0.016236991,-0.000973053,0.999867678,0.019102708,-0.009742753,9.810174942,0.021443754,0.000000000,0.000000000,9.806650162,-0.159230486,-0.009542388,9.805352211,0.019102708,-0.009742753,0.003524780,0.021443754,0.019042715,-0.009746932,0.003826141,0.021392,0.123540692,0.140169293,0.019289311,0.159557,0.123541,0,1
1.643799305,0.010000001,-0.140151709,-0.011893272,9.806365967,-0.140164912,-0.011894053,9.807177544,0.000013202,0.000000780,-0.000811577,-0.055881,0.930754,0.001246,0.999868095,-0.000037597,0.016243983,0.000021751,0.999999583,0.000975661,-0.016244013,-0.000975179,0.999867618,0.019161656,-0.002328616,9.808168411,0.019302631,0.000000000,0.000000000,9.806650162,-0.159299359,-0.009563240,9.805352211,0.019161656,-0.002328616,0.001518250,0.019302631,0.019134447,-0.002330813,0.001825333,0.019276,0.111905828,0.140146419,0.011894048,0.159595,0.111906,0,1
1.653883338,0.010000001,-0.135081813,-0.012733459,9.813337326,-0.135095015,-0.012734240,9.814148903,0.000013202,0.000000780,-0.000811577,-0.056003,0.931157,0.001138,0.999868035,-0.000035739,0.016251009,0.000019852,0.999999642,0.000977757,-0.016251035,-0.000977305,0.999867558,0.024413094,-0.003141064,9.815056801,0.024614334,0.000000000,0.000000000,9.806650162,-0.159368217,-0.009584092,9.805351257,0.024413094,-0.003141064,0.008406639,0.024614334,0.024273202,-0.003150148,0.008797646,0.024477,0.142652526,0.135077193,0.012734235,0.159778,0.142653,0,1
1.663879395,0.010000001,-0.133146718,-0.018600941,9.814140320,-0.133159921,-0.018601721,9.814951897,0.000013202,0.000000780,-0.000811577,-0.055494,0.931558,0.001031,0.999867976,-0.000033748,0.016258011,0.000017999,0.999999702,0.000968853,-0.016258037,-0.000968432,0.999867499,0.026429877,-0.009094865,9.815834045,0.027950939,0.000000000,0.000000000,9.806650162,-0.159436882,-0.009497078,9.805350304,0.026429877,-0.009094865,0.009183884,0.027950939,0.026276961,-0.009104643,0.009601593,0.027810,0.163129419,0.133142337,0.018601716,0.159855,0.163129,0,1
1.673980713,0.010000001,-0.135055631,-0.010697842,9.807920456,-0.135068834,-0.010698622,9.808732033,0.000013202,0.000000780,-0.000811577,-0.054986,0.931959,0.000925,0.999867678,-0.000031757,0.016265010,0.000016146,0.999999523,0.000959949,-0.016265033,-0.000959559,0.999867201,0.024488509,-0.001284915,9.809636116,0.024522195,0.000000000,0.000000000,9.806650162,-0.159505486,-0.009410064,9.805347443,0.024488509,-0.001284915,0.002985954,0.024522195,0.024436653,-0.001288558,0.003384590,0.024471,0.142652526,0.135050967,0.010698617,0.159817,0.142653,0,1
1.684051752,0.011000001,-0.135041356,-0.004952431,9.807218552,-0.135054559,-0.004953211,9.808030128,0.000013202,0.000000780,-0.000811577,-0.055120,0.932402,0.000806,0.999867737,-0.000029714,0.016272739,0.000014057,0.999999702,0.000962255,-0.016272761,-0.000961899,0.999867260,0.024566963,0.004482715,9.808930397,0.024972593,0.000000000,0.000000000,9.806650162,-0.159581274,-0.009433003,9.805348396,0.024566963,0.004482715,0.002280235,0.024972593,0.024526715,0.004479792,0.002681732,0.024932,0.145369947,0.135036692,0.004953210,0.159882,0.145370,0,1
1.694152951,0.010000001,-0.135061651,-0.004806519,9.812255859,-0.135074854,-0.004807299,9.813067436,0.000013202,0.000000780,-0.000811577,-0.055242,0.932804,0.000697,0.999867439,-0.000027857,0.016279761,0.000012159,0.999999523,0.000964351,-0.016279779,-0.000964025,0.999866962,0.024697587,0.004654298,9.813965797,0.025132317,0.000000000,0.000000000,9.806650162,-0.159650102,-0.009453854,9.805345535,0.024697587,0.004654298,0.007315636,0.025132317,0.024575248,0.004646555,0.007721901,0.025011,0.146709800,0.135056943,0.004807297,0.160034,0.146710,0,1
1.704303622,0.010000001,-0.138004541,0.002128601,9.801642418,-0.138017744,0.002127821,9.802453995,0.000013202,0.000000780,-0.000811577,-0.055364,0.933206,0.000588,0.999867380,-0.000026000,0.016286785,0.000010261,0.999999583,0.000966447,-0.016286803,-0.000966151,0.999866903,0.021650955,0.011599950,9.803395271,0.024562629,0.000000000,0.000000000,9.806650162,-0.159718990,-0.009474707,9.805344582,0.021650955,0.011599950,-0.003254890,0.024562629,0.021701247,0.011602527,-0.002890587,0.024608,0.144017652,0.137999445,0.002127820,0.159931,0.144018,0,1
1.714387655,0.010000001,-0.142025694,0.007678032,9.797267914,-0.142038897,0.007677251,9.798079491,0.000013202,0.000000780,-0.000811577,-0.055486,0.933609,0.000479,0.999867320,-0.000024142,0.016293811,0.000008362,0.999999642,0.000968542,-0.016293826,-0.000968278,0.999866843,0.017627820,0.017165916,9.799081802,0.024605054,0.000000000,0.000000000,9.806650162,-0.159787849,-0.009495560,9.805344582,0.017627820,0.017165916,-0.007568359,0.024605054,0.017748952,0.017172812,-0.007265091,0.024697,0.142652526,0.142020047,0.007677249,0.159930,0.142653,0,1
1.724471569,0.010000001,-0.145056486,-0.001245022,9.800460815,-0.145069689,-0.001245802,9.801272392,0.000013202,0.000000780,-0.000811577,-0.054973,0.933515,0.000763,0.999867380,-0.000028951,0.016292168,0.000013317,0.999999583,0.000959683,-0.016292186,-0.000959339,0.999866903,0.014633551,0.008158385,9.802332878,0.016754106,0.000000000,0.000000000,9.806650162,-0.159771770,-0.009407902,9.805344582,0.014633551,0.008158385,-0.004317284,0.016754106,0.014702082,0.008162100,-0.004072189,0.016816,0.096913286,0.145050451,0.001245802,0.159961,0.096913,0,1
1.734436154,0.010000001,-0.146982372,0.001443386,9.795860291,-0.146995574,0.001442606,9.796671867,0.000013202,0.000000780,-0.000811577,-0.054465,0.933916,0.000657,0.999867320,-0.000026959,0.016299170,0.000011464,0.999999642,0.000950779,-0.016299188,-0.000950466,0.999866843,0.012701496,0.010755395,9.797761917,0.016643513,0.000000000,0.000000000,9.806650162,-0.159840435,-0.009320891,9.805344582,0.012701496,0.010755395,-0.008888245,0.016643513,0.012844861,0.010763496,-0.008672714,0.016758,0.094872780,0.146976069,0.001442605,0.159949,0.094873,0,1
1.744537354,0.010000001,-0.152053490,0.006995201,9.791481018,-0.152066693,0.006994421,9.792292595,0.000013202,0.000000780,-0.000811577,-0.053957,0.934317,0.000551,0.999867022,-0.000024968,0.016306169,0.000009611,0.999999464,0.000941875,-0.016306184,-0.000941593,0.999866545,0.007628128,0.016216073,9.793458939,0.017920641,0.000000000,0.000000000,9.806650162,-0.159909040,-0.009233877,9.805341721,0.007628128,0.016216073,-0.013191223,0.017920641,0.007842347,0.016228298,-0.013049126,0.018024,0.102792069,0.152046472,0.006994417,0.159941,0.102792,0,1
1.759765744,0.015000001,-0.161963806,0.000064373,9.790609360,-0.161977008,0.000063593,9.791420937,0.000013202,0.000000780,-0.000811577,-0.054134,0.934178,0.000973,0.999867260,-0.000032382,0.016303740,0.000016975,0.999999702,0.000945087,-0.016303763,-0.000944684,0.999866784,-0.002318725,0.009314585,9.792757034,0.009598854,0.000000000,0.000000000,9.806650162,-0.159885302,-0.009264189,9.805343628,-0.002318725,0.009314585,-0.013893127,0.009598854,-0.002091706,0.009327781,-0.013922691,0.009559,0.055952907,0.161955506,0.000063593,0.159905,0.055953,0,1
1.769849658,0.010000001,-0.156989515,0.006683826,9.787897110,-0.157002717,0.006683046,9.788708687,0.000013202,0.000000780,-0.000811577,-0.054886,0.934582,0.000861,0.999867082,-0.000030659,0.016310783,0.000015032,0.999999642,0.000958183,-0.016310805,-0.000957810,0.999866605,0.002679437,0.016060054,9.789958000,0.016282037,0.000000000,0.000000000,9.806650162,-0.159954369,-0.009392907,9.805341721,0.002679437,0.016060054,-0.016692162,0.016282037,0.002951652,0.016075954,-0.016633034,0.016345,0.092787407,0.156981856,0.006683044,0.159937,0.092787,0,1
1.779933691,0.010000001,-0.171002626,-0.012503147,9.793982506,-0.171015829,-0.012503928,9.794794083,0.000013202,0.000000780,-0.000811577,-0.055004,0.934489,0.001143,0.999867082,-0.000035602,0.016309163,0.000019942,0.999999642,0.000960323,-0.016309189,-0.000959870,0.999866605,-0.011247769,-0.003101164,9.796288490,0.011667456,0.000000000,0.000000000,9.806650162,-0.159938514,-0.009413112,9.805341721,-0.011247769,-0.003101164,-0.010361671,0.011667456,-0.011077315,-0.003090816,-0.010547638,0.011500,0.068528041,0.170993105,0.012503923,0.160022,0.068528,0,1
1.790017843,0.011000001,-0.168942735,0.006684780,9.776415825,-0.168955937,0.006684000,9.777227402,0.000013202,0.000000780,-0.000811577,-0.055827,0.934389,0.001449,0.999867141,-0.000041186,0.016307402,0.000025294,0.999999583,0.000974778,-0.016307436,-0.000974236,0.999866664,-0.009492576,0.016210349,9.778672218,0.018785218,0.000000000,0.000000000,9.806650162,-0.159921318,-0.009553990,9.805342674,-0.009492576,0.016210349,-0.027977943,0.018785218,-0.009034619,0.016237989,-0.028115273,0.018582,0.108352356,0.168933496,0.006683997,0.159726,0.108352,0,1
1.800101876,0.010000001,-0.164133668,-0.013372898,9.801172256,-0.164146870,-0.013373679,9.801983833,0.000013202,0.000000780,-0.000811577,-0.055319,0.934790,0.001343,0.999867082,-0.000039195,0.016314406,0.000023440,0.999999642,0.000965874,-0.016314436,-0.000965363,0.999866605,-0.004210994,-0.003910038,9.803367615,0.005746379,0.000000000,0.000000000,9.806650162,-0.159989968,-0.009466980,9.805341721,-0.004210994,-0.003910038,-0.003282547,0.005746379,-0.004156902,-0.003906699,-0.003357887,0.005705,0.027976453,0.164125055,0.013373674,0.160194,0.027976,0,1
1.810185671,0.010000001,-0.166030422,-0.005234241,9.792095184,-0.166043624,-0.005235022,9.792906761,0.000013202,0.000000780,-0.000811577,-0.054810,0.935191,0.001237,0.999866784,-0.000037203,0.016321404,0.000021587,0.999999464,0.000956970,-0.016321434,-0.000956490,0.999866307,-0.006187335,0.004132916,9.794312477,0.007440706,0.000000000,0.000000000,9.806650162,-0.160058588,-0.009379966,9.805338860,-0.006187335,0.004132916,-0.012337685,0.007440706,-0.005985036,0.004144944,-0.012432098,0.007280,0.034264021,0.166021511,0.005235019,0.160108,0.034264,0,1
1.820269823,0.010000001,-0.169121638,-0.015726089,9.809307098,-0.169134840,-0.015726870,9.810118675,0.000013202,0.000000780,-0.000811577,-0.054932,0.935593,0.001128,0.999866724,-0.000035346,0.016328430,0.000019688,0.999999523,0.000959066,-0.016328456,-0.000958617,0.999866247,-0.008927912,-0.006321640,9.811583519,0.010939412,0.000000000,0.000000000,9.806650162,-0.160127461,-0.009400819,9.805338860,-0.008927912,-0.006321640,0.004933357,0.010939412,-0.009007379,-0.006326050,0.004779816,0.011007,0.062557250,0.169112295,0.015726862,0.160460,0.062557,0,1
1.830353975,0.010000001,-0.181062639,-0.009330273,9.797949791,-0.181075841,-0.009331053,9.798761368,0.000013202,0.000000780,-0.000811577,-0.055054,0.935996,0.001019,0.999866664,-0.000033489,0.016335454,0.000017790,0.999999583,0.000961162,-0.016335480,-0.000960743,0.999866188,-0.020984173,0.000083928,9.800416946,0.020984340,0.000000000,0.000000000,9.806650162,-0.160196334,-0.009421674,9.805337906,-0.020984173,0.000083928,-0.006233215,0.020984340,-0.020879507,0.000090620,-0.006576538,0.020880,0.121946551,0.181051701,0.009331049,0.160344,0.121947,0,1
1.840438008,0.010000001,-0.176147223,-0.009083271,9.806547165,-0.176160425,-0.009084051,9.807358742,0.000013202,0.000000780,-0.000811577,-0.055806,0.936399,0.000908,0.999866486,-0.000031766,0.016342498,0.000015847,0.999999523,0.000974258,-0.016342521,-0.000973869,0.999866009,-0.015859887,0.000468059,9.808932304,0.015866794,0.000000000,0.000000000,9.806650162,-0.160265386,-0.009550392,9.805335999,-0.015859887,0.000468059,0.002282143,0.015866794,-0.015895039,0.000466340,0.002022743,0.015902,0.090654083,0.176136911,0.009084047,0.160561,0.090654,0,1
1.850521803,0.010000001,-0.178074375,-0.001682758,9.804538727,-0.178087577,-0.001683539,9.805350304,0.000013202,0.000000780,-0.000811577,-0.055928,0.936802,0.000799,0.999866426,-0.000029909,0.016349522,0.000013948,0.999999583,0.000976354,-0.016349545,-0.000975995,0.999865949,-0.017750949,0.007887470,9.806949615,0.019424427,0.000000000,0.000000000,9.806650162,-0.160334259,-0.009571245,9.805335999,-0.017750949,0.007887470,0.000299454,0.019424427,-0.017753318,0.007887706,0.000014305,0.019427,0.111905828,0.178063795,0.001683538,0.160598,0.111906,0,1
1.860605955,0.010000001,-0.176185563,-0.011353970,9.814820290,-0.176198766,-0.011354750,9.815631866,0.000013202,0.000000780,-0.000811577,-0.055419,0.937203,0.000693,0.999866366,-0.000027917,0.016356526,0.000012095,0.999999642,0.000967450,-0.016356545,-0.000967123,0.999865890,-0.015625268,-0.001860743,9.817209244,0.015735673,0.000000000,0.000000000,9.806650162,-0.160402909,-0.009484235,9.805335045,-0.015625268,-0.001860743,0.010559082,0.015735673,-0.015795857,-0.001870515,0.010296822,0.015906,0.088469319,0.176175222,0.011354746,0.160830,0.088469,0,1
1.870690107,0.010000001,-0.176196277,-0.018515587,9.813964844,-0.176209480,-0.018516367,9.814776421,0.000013202,0.000000780,-0.000811577,-0.055541,0.937605,0.000584,0.999866068,-0.000026060,0.016363546,0.000010197,0.999999464,0.000969546,-0.016363565,-0.000969249,0.999865592,-0.015580848,-0.009002280,9.816358566,0.017994551,0.000000000,0.000000000,9.806650162,-0.160471752,-0.009505087,9.805332184,-0.015580848,-0.009002280,0.009708405,0.017994551,-0.015737727,-0.009011281,0.009444237,0.018135,0.104678318,0.176185876,0.018516358,0.160886,0.104678,0,1
1.880773902,0.010000001,-0.178056151,-0.001179218,9.800325394,-0.178069353,-0.001179999,9.801136971,0.000013202,0.000000780,-0.000811577,-0.055663,0.938007,0.000476,0.999866009,-0.000024203,0.016370572,0.000008298,0.999999523,0.000971642,-0.016370587,-0.000971376,0.999865532,-0.017595246,0.008341718,9.802735329,0.019472467,0.000000000,0.000000000,9.806650162,-0.160540625,-0.009525942,9.805331230,-0.017595246,0.008341718,-0.003914833,0.019472467,-0.017528728,0.008345943,-0.004194260,0.019414,0.113640904,0.178045496,0.001179998,0.160733,0.113641,0,1
1.890857935,0.010000001,-0.176187411,-0.006761074,9.817505836,-0.176200613,-0.006761855,9.818317413,0.000013202,0.000000780,-0.000811577,-0.055774,0.938305,0.001252,0.999865949,-0.000037792,0.016375748,0.000021848,0.999999583,0.000973804,-0.016375778,-0.000973316,0.999865472,-0.015394449,0.002795420,9.819888115,0.015646195,0.000000000,0.000000000,9.806650162,-0.160591528,-0.009544970,9.805331230,-0.015394449,0.002795420,0.013237953,0.015646195,-0.015609086,0.002783116,0.012986183,0.015855,0.088469319,0.176176995,0.006761852,0.161066,0.088469,0,1
1.900942087,0.010000001,-0.171134651,-0.020796776,9.822259903,-0.171147853,-0.020797556,9.823071480,0.000013202,0.000000780,-0.000811577,-0.055892,0.938212,0.001533,0.999865949,-0.000042734,0.016374128,0.000026758,0.999999583,0.000975945,-0.016374161,-0.000975376,0.999865472,-0.010279775,-0.011215348,9.824572563,0.015213736,0.000000000,0.000000000,9.806650162,-0.160575673,-0.009565174,9.805331230,-0.010279775,-0.011215348,0.017922401,0.015213736,-0.010572180,-0.011232383,0.017740250,0.015425,0.088469319,0.171124905,0.020797547,0.161130,0.088469,0,1
1.911026120,0.011000001,-0.176204234,-0.020048141,9.815170288,-0.176217437,-0.020048922,9.815981865,0.000013202,0.000000780,-0.000811577,-0.055332,0.937135,0.001730,0.999866247,-0.000045993,0.016355332,0.000030194,0.999999523,0.000966225,-0.016355369,-0.000965602,0.999865770,-0.015649304,-0.010569785,9.817564964,0.018884413,0.000000000,0.000000000,9.806650162,-0.160391390,-0.009469321,9.805334091,-0.015649304,-0.010569785,0.010914803,0.018884413,-0.015826046,-0.010579601,0.010647774,0.019037,0.110143423,0.176193863,0.020048913,0.160824,0.110143,0,1
1.921110272,0.010000001,-0.174022540,-0.006284237,9.801869392,-0.174035743,-0.006285017,9.802680969,0.000013202,0.000000780,-0.000811577,-0.055457,0.936653,0.001516,0.999866426,-0.000042290,0.016346913,0.000026464,0.999999583,0.000968344,-0.016346946,-0.000967782,0.999865949,-0.013768658,0.003202745,9.804218292,0.014136248,0.000000000,0.000000000,9.806650162,-0.160308778,-0.009490699,9.805335999,-0.013768658,0.003202745,-0.002431870,0.014136248,-0.013726965,0.003205681,-0.002655029,0.014096,0.079129368,0.174012497,0.006285015,0.160524,0.079129,0,1
1.931194067,0.010000001,-0.174037427,-0.012147427,9.802663803,-0.174050629,-0.012148207,9.803475380,0.000013202,0.000000780,-0.000811577,-0.054952,0.936169,0.001305,0.999866605,-0.000038452,0.016338471,0.000022779,0.999999642,0.000959463,-0.016338501,-0.000958962,0.999866128,-0.013853148,-0.002746098,9.805018425,0.014122703,0.000000000,0.000000000,9.806650162,-0.160225958,-0.009404209,9.805336952,-0.013853148,-0.002746098,-0.001631737,0.014122703,-0.013824672,-0.002743998,-0.001861572,0.014094,0.081564680,0.174027413,0.012148202,0.160450,0.081565,0,1
1.941278219,0.010000001,-0.159065783,-0.017600536,9.806991577,-0.159078985,-0.017601317,9.807803154,0.000013202,0.000000780,-0.000811577,-0.054440,0.936075,0.001589,0.999866605,-0.000043260,0.016336828,0.000027734,0.999999642,0.000950604,-0.016336862,-0.000950024,0.999866128,0.001171395,-0.008282390,9.809105873,0.008364816,0.000000000,0.000000000,9.806650162,-0.160209894,-0.009316550,9.805336952,0.001171395,-0.008282390,0.002455711,0.008364816,0.001130909,-0.008284767,0.002466202,0.008362,0.044234656,0.159057766,0.017601311,0.160499,0.044235,0,1
1.951362014,0.010000001,-0.161982492,-0.008629799,9.790959358,-0.161995694,-0.008630579,9.791770935,0.000013202,0.000000780,-0.000811577,-0.054565,0.935592,0.001376,0.999866843,-0.000039557,0.016328407,0.000024004,0.999999642,0.000952722,-0.016328437,-0.000952203,0.999866366,-0.002089754,0.000694375,9.793115616,0.002202096,0.000000000,0.000000000,9.806650162,-0.160127267,-0.009337925,9.805339813,-0.002089754,0.000694375,-0.013534546,0.002202096,-0.001868427,0.000707346,-0.013568878,0.001998,0.000000000,0.161974117,0.008630577,0.160156,0.000000,0,1
1.961446166,0.010000001,-0.152154014,-0.017287254,9.804281235,-0.152167216,-0.017288035,9.805092812,0.000013202,0.000000780,-0.000811577,-0.054059,0.935108,0.001164,0.999866784,-0.000035720,0.016319962,0.000020319,0.999999464,0.000943841,-0.016319988,-0.000943384,0.999866307,0.007872403,-0.008036668,9.806281090,0.011250012,0.000000000,0.000000000,9.806650162,-0.160044417,-0.009251434,9.805338860,0.007872403,-0.008036668,-0.000369072,0.011250012,0.007877201,-0.008036600,-0.000246048,0.011253,0.059347022,0.152146950,0.017288025,0.160286,0.059347,0,1
1.971530199,0.010000001,-0.154077739,-0.019283772,9.796876907,-0.154090941,-0.019284552,9.797688484,0.000013202,0.000000780,-0.000811577,-0.053547,0.935014,0.001448,0.999867022,-0.000040528,0.016318323,0.000025274,0.999999702,0.000934982,-0.016318353,-0.000934445,0.999866545,0.005812168,-0.010127777,9.798913956,0.011677036,0.000000000,0.000000000,9.806650162,-0.160028383,-0.009163777,9.805341721,0.005812168,-0.010127777,-0.007736206,0.011677036,0.005937442,-0.010120775,-0.007653236,0.011734,0.065610602,0.154070452,0.019284546,0.160144,0.065611,0,1
1.981614113,0.010000001,-0.146949962,-0.004323959,9.785129547,-0.146963164,-0.004324740,9.785941124,0.000013202,0.000000780,-0.000811577,-0.053035,0.934920,0.001732,0.999867022,-0.000045336,0.016316680,0.000030229,0.999999702,0.000926123,-0.016316714,-0.000925506,0.999866545,0.012730643,0.004733804,9.787037849,0.013582274,0.000000000,0.000000000,9.806650162,-0.160012305,-0.009076118,9.805341721,0.012730643,0.004733804,-0.019612312,0.013582274,0.013049141,0.004751379,-0.019400597,0.013887,0.076616675,0.146943629,0.004324738,0.159931,0.076617,0,1
1.991698146,0.010000001,-0.145066887,-0.008196354,9.799630165,-0.145080090,-0.008197134,9.800441742,0.000013202,0.000000780,-0.000811577,-0.053156,0.935261,0.001672,0.999866724,-0.000044329,0.016322620,0.000029182,0.999999523,0.000928224,-0.016322654,-0.000927624,0.999866247,0.014908493,0.000895645,9.801506042,0.014935371,0.000000000,0.000000000,9.806650162,-0.160070553,-0.009096889,9.805338860,0.014908493,0.000895645,-0.005144119,0.014935371,0.014990464,0.000899754,-0.004897118,0.015017,0.088469319,0.145060748,0.008197131,0.160227,0.088469,0,1
2.001782179,0.010000001,-0.145071596,-0.011052608,9.799394608,-0.145084798,-0.011053389,9.800206184,0.000013202,0.000000780,-0.000811577,-0.053277,0.935601,0.001612,0.999866724,-0.000043322,0.016328564,0.000028134,0.999999523,0.000930326,-0.016328597,-0.000929743,0.999866247,0.014958307,-0.001940077,9.801275253,0.015083595,0.000000000,0.000000000,9.806650162,-0.160128847,-0.009117661,9.805338860,0.014958307,-0.001940077,-0.005374908,0.015083595,0.015044048,-0.001935728,-0.005132675,0.015168,0.088469319,0.145065457,0.011053383,0.160283,0.088469,0,1
2.011866331,0.010000001,-0.130067036,-0.008225918,9.799691200,-0.130080238,-0.008226698,9.800502777,0.000013202,0.000000780,-0.000811577,-0.053396,0.935509,0.001894,0.999866724,-0.000048264,0.016326943,0.000033044,0.999999523,0.000932467,-0.016326981,-0.000931803,0.999866247,0.029949754,0.000907652,9.801322937,0.029963505,0.000000000,0.000000000,9.806650162,-0.160112992,-0.009137867,9.805338860,0.029949754,0.000907652,-0.005327225,0.029963505,0.030032754,0.000911169,-0.004836082,0.030047,0.173589393,0.130062908,0.008226695,0.160273,0.173589,0,1
2.021950483,0.010000001,-0.132976741,0.017091751,9.789886475,-0.132989943,0.017090971,9.790698051,0.000013202,0.000000780,-0.000811577,-0.054144,0.935417,0.002172,0.999866724,-0.000053342,0.016325342,0.000037909,0.999999523,0.000945607,-0.016325386,-0.000944863,0.999866247,0.026863351,0.026344080,9.791543961,0.037625127,0.000000000,0.000000000,9.806650162,-0.160097346,-0.009265937,9.805338860,0.026863351,0.026344080,-0.015106201,0.037625127,0.027107403,0.026356908,-0.014640808,0.037809,0.219396889,0.132972226,0.017090963,0.160104,0.219397,0,1
2.032034636,0.011000001,-0.138013080,-0.009415627,9.798126221,-0.138026282,-0.009416407,9.798937798,0.000013202,0.000000780,-0.000811577,-0.054282,0.936336,0.001677,0.999866486,-0.000044754,0.016341390,0.000029268,0.999999523,0.000947870,-0.016341424,-0.000947265,0.999866009,0.022120833,-0.000132321,9.799888611,0.022121228,0.000000000,0.000000000,9.806650162,-0.160254627,-0.009289499,9.805335999,0.022120833,-0.000132321,-0.006761551,0.022121228,0.022228345,-0.000126908,-0.006398201,0.022229,0.128204241,0.138007849,0.009416402,0.160397,0.128204,0,1
2.042118311,0.010000001,-0.130048662,0.000258446,9.799316406,-0.130061865,0.000257665,9.800127983,0.000013202,0.000000780,-0.000811577,-0.054407,0.937172,0.001227,0.999866247,-0.000036947,0.016355978,0.000021413,0.999999523,0.000949927,-0.016356004,-0.000949450,0.999865770,0.030246198,0.009564286,9.800939560,0.031722359,0.000000000,0.000000000,9.806650162,-0.160397619,-0.009310922,9.805334091,0.030246198,0.009564286,-0.005710602,0.031722359,0.030335754,0.009568587,-0.005206108,0.031809,0.184517458,0.130044475,0.000257665,0.160561,0.184517,0,1
2.052202463,0.010000001,-0.128011018,0.012167454,9.783657074,-0.128024220,0.012166673,9.784468651,0.000013202,0.000000780,-0.000811577,-0.055158,0.937514,0.001164,0.999866188,-0.000036075,0.016361943,0.000020321,0.999999583,0.000963029,-0.016361969,-0.000962567,0.999865711,0.032085404,0.021586791,9.785237312,0.038671210,0.000000000,0.000000000,9.806650162,-0.160456106,-0.009439560,9.805333138,0.032085404,0.021586791,-0.021412849,0.038671210,0.032431886,0.021606233,-0.020864487,0.038970,0.226419374,0.128007084,0.012166669,0.160370,0.226419,0,1
2.062286615,0.010000001,-0.149996340,0.005807877,9.801389694,-0.150009543,0.005807096,9.802201271,0.000013202,0.000000780,-0.000811577,-0.055917,0.937465,0.000607,0.999866188,-0.000026557,0.016361108,0.000010589,0.999999583,0.000976108,-0.016361127,-0.000975804,0.999865711,0.010385260,0.015373513,9.803334236,0.018552588,0.000000000,0.000000000,9.806650162,-0.160447851,-0.009569370,9.805333138,0.010385260,0.015373513,-0.003315926,0.018552588,0.010438308,0.015376466,-0.003131866,0.018585,0.106531173,0.149989471,0.005807094,0.160660,0.106531,0,1
2.072370768,0.010000001,-0.140068442,-0.002928257,9.790347099,-0.140081644,-0.002929037,9.791158676,0.000013202,0.000000780,-0.000811577,-0.054857,0.937803,0.000552,0.999866128,-0.000025297,0.016367013,0.000009626,0.999999642,0.000957585,-0.016367028,-0.000957299,0.999865651,0.020189196,0.006445480,9.792139053,0.021193108,0.000000000,0.000000000,9.806650162,-0.160505712,-0.009387896,9.805332184,0.020189196,0.006445480,-0.014511108,0.021193108,0.020424068,0.006458859,-0.014173508,0.021421,0.123540692,0.140062898,0.002929037,0.160526,0.123541,0,1
2.082454443,0.010000001,-0.137924820,0.012508869,9.787180901,-0.137938023,0.012508089,9.787992477,0.000013202,0.000000780,-0.000811577,-0.053796,0.938142,0.000496,0.999866128,-0.000024037,0.016372915,0.000008663,0.999999642,0.000939062,-0.016372930,-0.000938794,0.999865651,0.022338107,0.021698417,9.788924217,0.031141810,0.000000000,0.000000000,9.806650162,-0.160563603,-0.009206424,9.805332184,0.022338107,0.021698417,-0.017725945,0.031141810,0.022625580,0.021714512,-0.017339706,0.031360,0.180225760,0.137919560,0.012508084,0.160521,0.180226,0,1
2.092538595,0.010000001,-0.140096426,0.005788326,9.801429749,-0.140109628,0.005787546,9.802241325,0.000013202,0.000000780,-0.000811577,-0.053921,0.938977,0.000046,0.999865890,-0.000016230,0.016387504,0.000000807,0.999999642,0.000941118,-0.016387511,-0.000940979,0.999865413,0.020543337,0.015012497,9.803213120,0.025444129,0.000000000,0.000000000,9.806650162,-0.160706595,-0.009227848,9.805330276,0.020543337,0.015012497,-0.003437042,0.025444129,0.020596966,0.015015393,-0.003088951,0.025489,0.146709800,0.140090838,0.005787544,0.160899,0.146710,0,1
2.102622747,0.010000001,-0.150032625,-0.003271580,9.805858612,-0.150045827,-0.003272360,9.806670189,0.000013202,0.000000780,-0.000811577,-0.054039,0.938885,0.000328,0.999865890,-0.000021173,0.016385883,0.000005717,0.999999642,0.000943259,-0.016385894,-0.000943039,0.999865413,0.010665312,0.005977012,9.807811737,0.012225938,0.000000000,0.000000000,9.806650162,-0.160690740,-0.009248049,9.805330276,0.010665312,0.005977012,0.001161575,0.012225938,0.010644913,0.005975689,0.001339912,0.012207,0.068528041,0.150025710,0.003272359,0.160957,0.068528,0,1
2.112706661,0.010000001,-0.145027682,0.004296303,9.796102524,-0.145040885,0.004295522,9.796914101,0.000013202,0.000000780,-0.000811577,-0.054157,0.938792,0.000609,0.999865890,-0.000026116,0.016384261,0.000010627,0.999999642,0.000945400,-0.016384279,-0.000945099,0.999865413,0.015493631,0.013555979,9.797967911,0.020586820,0.000000000,0.000000000,9.806650162,-0.160674900,-0.009268252,9.805330276,0.015493631,0.013555979,-0.008682251,0.020586820,0.015634015,0.013563775,-0.008416176,0.020698,0.120331295,0.145021439,0.004295521,0.160782,0.120331,0,1
2.122790575,0.010000001,-0.152063906,0.000044346,9.790650368,-0.152077109,0.000043565,9.791461945,0.000013202,0.000000780,-0.000811577,-0.054279,0.939133,0.000549,0.999865830,-0.000025109,0.016390206,0.000009580,0.999999702,0.000947501,-0.016390221,-0.000947217,0.999865353,0.008427367,0.009319531,9.792636871,0.012564799,0.000000000,0.000000000,9.806650162,-0.160733163,-0.009289025,9.805329323,0.008427367,0.009319531,-0.014013290,0.012564799,0.008656055,0.009332591,-0.013867378,0.012729,0.074018739,0.152056709,0.000043565,0.160752,0.074019,0,1
2.132874727,0.010000001,-0.145087719,-0.012205124,9.802782059,-0.145100921,-0.012205904,9.803593636,0.000013202,0.000000780,-0.000811577,-0.054400,0.939473,0.000489,0.999865532,-0.000024102,0.016396146,0.000008533,0.999999523,0.000949603,-0.016396161,-0.000949335,0.999865055,0.015660033,-0.002897619,9.804661751,0.015925854,0.000000000,0.000000000,9.806650162,-0.160791412,-0.009309797,9.805326462,0.015660033,-0.002897619,-0.001988411,0.015925854,0.015690491,-0.002896108,-0.001732826,0.015956,0.090654083,0.145081416,0.012205899,0.161011,0.090654,0,1
2.142958879,0.010000001,-0.154022470,-0.001602173,9.791940689,-0.154035673,-0.001602953,9.792752266,0.000013202,0.000000780,-0.000811577,-0.054522,0.939813,0.000429,0.999865532,-0.000023095,0.016402090,0.000007486,0.999999523,0.000951704,-0.016402105,-0.000951453,0.999865055,0.006606668,0.007715696,9.793958664,0.010157757,0.000000000,0.000000000,9.806650162,-0.160849705,-0.009330569,9.805326462,0.006606668,0.007715696,-0.012691498,0.010157757,0.006814033,0.007727616,-0.012574196,0.010303,0.055952907,0.154014960,0.001602952,0.160892,0.055953,0,1
2.153043032,0.011000001,-0.158976287,-0.000387192,9.793453217,-0.158989489,-0.000387972,9.794264793,0.000013202,0.000000780,-0.000811577,-0.054048,0.940187,0.000365,0.999865472,-0.000021856,0.016408607,0.000006377,0.999999583,0.000943428,-0.016408622,-0.000943197,0.999864995,0.001742154,0.008851201,9.795551300,0.009021023,0.000000000,0.000000000,9.806650162,-0.160913616,-0.009249600,9.805326462,0.001742154,0.008851201,-0.011098862,0.009021023,0.001924127,0.008861627,-0.011061668,0.009068,0.052339152,0.158968106,0.000387972,0.160976,0.052339,0,1
2.163126707,0.010000001,-0.164157689,-0.020094395,9.803787231,-0.164170891,-0.020095175,9.804598808,0.000013202,0.000000780,-0.000811577,-0.053618,0.940526,0.000308,0.999865413,-0.000020731,0.016414534,0.000005369,0.999999642,0.000935905,-0.016414545,-0.000935691,0.999864936,-0.003210455,-0.010919876,9.805987358,0.011382035,0.000000000,0.000000000,9.806650162,-0.160971701,-0.009175992,9.805325508,-0.003210455,-0.010919876,-0.000662804,0.011382035,-0.003199190,-0.010919183,-0.000726700,0.011378,0.062557250,0.164148793,0.020095168,0.161199,0.062557,0,1
2.173210859,0.010000001,-0.164076239,-0.000377178,9.793432236,-0.164089441,-0.000377959,9.794243813,0.000013202,0.000000780,-0.000811577,-0.053736,0.940434,0.000589,0.999865413,-0.000025674,0.016412912,0.000010279,0.999999642,0.000938046,-0.016412931,-0.000937751,0.999864936,-0.003315285,0.008807804,9.795614243,0.009411084,0.000000000,0.000000000,9.806650162,-0.160955861,-0.009196192,9.805325508,-0.003315285,0.008807804,-0.011035919,0.009411084,-0.003133580,0.008818233,-0.011081696,0.009358,0.055952907,0.164067358,0.000377958,0.161014,0.055953,0,1
2.183295012,0.010000001,-0.169062197,0.000657082,9.802721024,-0.169075400,0.000656301,9.803532600,0.000013202,0.000000780,-0.000811577,-0.055118,0.940777,0.000524,0.999865234,-0.000024938,0.016418898,0.000009142,0.999999583,0.000962147,-0.016418913,-0.000961867,0.999864757,-0.008089423,0.010087194,9.804982185,0.012930207,0.000000000,0.000000000,9.806650162,-0.161014542,-0.009432695,9.805323601,-0.008089423,0.010087194,-0.001667976,0.012930207,-0.008060858,0.010088996,-0.001791000,0.012914,0.074018739,0.169052616,0.000656301,0.161239,0.074019,0,1
2.193379164,0.010000001,-0.171128109,-0.012639999,9.824623108,-0.171141312,-0.012640780,9.825434685,0.000013202,0.000000780,-0.000811577,-0.055244,0.941612,0.000074,0.999864995,-0.000017131,0.016433487,0.000001286,0.999999583,0.000964204,-0.016433494,-0.000964052,0.999864519,-0.009651825,-0.003167274,9.826928139,0.010158216,0.000000000,0.000000000,9.806650162,-0.161157534,-0.009454124,9.805321693,-0.009651825,-0.003167274,0.020277977,0.010158216,-0.009983778,-0.003186656,0.020112991,0.010480,0.059347022,0.171118200,0.012640774,0.161744,0.059347,0,1
2.203462839,0.010000001,-0.195095345,-0.037235737,9.804594994,-0.195108548,-0.037236519,9.805406570,0.000013202,0.000000780,-0.000811577,-0.055369,0.942448,-0.000376,0.999864757,-0.000009325,0.016448077,-0.000006569,0.999999583,0.000966260,-0.016448077,-0.000966237,0.999864280,-0.033801734,-0.027760649,9.807321548,0.043740265,0.000000000,0.000000000,9.806650162,-0.161300540,-0.009475552,9.805318832,-0.033801734,-0.027760649,0.000671387,0.043740265,-0.033808008,-0.027760968,0.000087738,0.043745,0.254877836,0.195082158,0.037236504,0.161558,0.254878,0,1
2.213546991,0.010000001,-0.141931772,0.027840137,9.784081459,-0.141944975,0.027839357,9.784893036,0.000013202,0.000000780,-0.000811577,-0.056121,0.942790,-0.000439,0.999864697,-0.000008454,0.016454041,-0.000007662,0.999999642,0.000979361,-0.016454041,-0.000979355,0.999864221,0.019075021,0.037423383,9.785872459,0.042004358,0.000000000,0.000000000,9.806650162,-0.161359027,-0.009604191,9.805318832,0.019075021,0.037423383,-0.020777702,0.042004358,0.019414052,0.037443548,-0.020425797,0.042177,0.246288344,0.141925767,0.027839348,0.161286,0.246288,0,1
2.223631144,0.010000001,-0.174134046,-0.010779381,9.826969147,-0.174147248,-0.010780161,9.827780724,0.000013202,0.000000780,-0.000811577,-0.056872,0.943131,-0.000502,0.999864697,-0.000007583,0.016460007,-0.000008754,0.999999642,0.000992463,-0.016460007,-0.000992472,0.999864221,-0.012358278,-0.001024926,9.829323769,0.012400706,0.000000000,0.000000000,9.806650162,-0.161417529,-0.009732829,9.805318832,-0.012358278,-0.001024926,0.022673607,0.012400706,-0.012729719,-0.001047332,0.022461891,0.012773,0.071326248,0.174123690,0.010780158,0.162059,0.071326,0,1
2.233715296,0.010000001,-0.159247681,-0.049584866,9.835962296,-0.159260884,-0.049585648,9.836773872,0.000013202,0.000000780,-0.000811577,-0.055181,0.943468,-0.000554,0.999864399,-0.000006185,0.016465884,-0.000009672,0.999999464,0.000962939,-0.016465884,-0.000962968,0.999863923,0.002732202,-0.040111862,9.838105202,0.040204804,0.000000000,0.000000000,9.806650162,-0.161475167,-0.009443491,9.805315971,0.002732202,-0.040111862,0.031455040,0.040204804,0.002214283,-0.040142156,0.031457901,0.040203,0.234067962,0.159239292,0.049585622,0.162248,0.234068,0,1
2.243798971,0.010000001,-0.187937260,0.024404049,9.771400452,-0.187950462,0.024403268,9.772212029,0.000013202,0.000000780,-0.000811577,-0.053491,0.943805,-0.000607,0.999864340,-0.000004786,0.016471766,-0.000010590,0.999999523,0.000933416,-0.016471762,-0.000933464,0.999863863,-0.026959494,0.033526786,9.773954391,0.043021619,0.000000000,0.000000000,9.806650162,-0.161532804,-0.009154153,9.805315018,-0.026959494,0.033526786,-0.032695770,0.043021619,-0.026417658,0.033557422,-0.033102989,0.042708,0.251788288,0.187924966,0.024403257,0.161224,0.251788,0,1
