{
  "experiment": "GAP-3 GNSS K-block single-fix audit",
  "timestamp_s": 5.664433479,
  "gps_index": 2,
  "accepted": true,
  "measurement_model": {
    "z_observed": "position_only [pN,pE,pD]",
    "z_velocity_in_ekf": false,
    "gps_speed_available_in_log": true,
    "gps_speed_mps": 0.424810,
    "H_on_error_state": "implicit I3 on pos errors; zero on vel/att/bias"
  },
  "z_ned_m": [-29.232857, -3.868654, 27.366802],
  "hx_ned_m": [-0.228882, -0.000005, 0.617539],
  "innovation_ned_m": [-29.003975, -3.868649, 26.749264],
  "x_prior": {"pos_ned_m": [-0.228882, -0.000005, 0.617539], "vel_ned_mps": [0.055701, -0.000817, -0.002579]},
  "x_post": {"pos_ned_m": [-10.048081, -0.034242, 1.260874], "vel_ned_mps": [0.168567, -0.002222, -0.004215]},
  "S_m2": [
      [626.027526855, 0.049725723, -3.766936541],
      [0.049725723, 392.812255859, -0.000789209],
      [-3.766936541, -0.000789209, 397.738037109]
    ],
  "HPH_m2": [
      [237.188583374, 0.049725723, -3.766936541],
      [0.049725723, 3.973284483, -0.000789209],
      [-3.766936541, -0.000789209, 8.899072647]
    ],
  "R_m2": 388.838959,
  "S_inv": [
      [0.001407235, -0.000000147, 0.000010990],
      [-0.000000147, 0.002094559, 0.000000002],
      [0.000010990, 0.000000002, 0.002073256]
    ],
  "P_vel_pos_cross_m2": [
      [0.000000000, 0.000000000, 0.000000000],
      [0.000000000, 0.000000000, 0.000000000],
      [0.000000000, 0.000000000, 0.000000000]
    ],
  "K_pos_pos": [
      [0.333738714, 0.000069385, -0.005203167],
      [0.000069385, 0.008322272, -0.000001081],
      [-0.005203167, -0.000001081, 0.018408654]
    ],
  "K_vel_pos": [
      [0.000000000, 0.000000000, 0.000000000],
      [0.000000000, 0.000000000, 0.000000000],
      [0.000000000, 0.000000000, 0.000000000]
    ],
  "delta_x": {
    "pos_ned_m": [-9.819198608, -0.034237292, 0.643334627],
    "vel_ned_mps": [0.112866491, -0.001405391, -0.001635597],
    "att_rad": [0.000073981, -0.220438272, 0.005880129],
    "bias_accel_norm": 0.088953853,
    "bias_gyro_norm": 0.045025945,
    "pos_norm_m": 9.840311050,
    "vel_norm_mps": 0.112887084,
    "att_norm_rad": 0.220516697
  },
  "nis": 2.748294,
  "interpretation": "K_vel_pos = P_vel_pos * S_inv; velocity correction only via cross-covariance, not H"
}

{
  "experiment": "GAP-3 GNSS K-block single-fix audit",
  "timestamp_s": 6.053678513,
  "gps_index": 3,
  "accepted": true,
  "measurement_model": {
    "z_observed": "position_only [pN,pE,pD]",
    "z_velocity_in_ekf": false,
    "gps_speed_available_in_log": true,
    "gps_speed_mps": 0.581609,
    "H_on_error_state": "implicit I3 on pos errors; zero on vel/att/bias"
  },
  "z_ned_m": [-28.809191, -4.247542, 27.366808],
  "hx_ned_m": [-10.879726, -0.029647, 1.253011],
  "innovation_ned_m": [-17.929464, -4.217895, 26.113798],
  "x_prior": {"pos_ned_m": [-10.879726, -0.029647, 1.253011], "vel_ned_mps": [-0.648417, 0.007697, -0.096032]},
  "x_post": {"pos_ned_m": [-15.843618, -0.081361, 2.032256], "vel_ned_mps": [-0.608073, 0.009825, -0.122564]},
  "S_m2": [
      [586.439086914, -0.063425183, -1.100083709],
      [-0.063425183, 477.390411377, 0.001099074],
      [-1.100083709, 0.001099074, 482.139526367]
    ],
  "HPH_m2": [
      [112.985008240, -0.063425183, -1.100083709],
      [-0.063425183, 3.936306715, 0.001099074],
      [-1.100083709, 0.001099074, 8.685428619]
    ],
  "R_m2": 473.454102,
  "S_inv": [
      [0.002417464, 0.000000503, 0.000008596],
      [0.000000503, 0.003282866, -0.000000010],
      [0.000008596, -0.000000010, 0.003232500]
    ],
  "P_vel_pos_cross_m2": [
      [0.000000000, 0.000000000, 0.000000000],
      [0.000000000, 0.000000000, 0.000000000],
      [0.000000000, 0.000000000, 0.000000000]
    ],
  "K_pos_pos": [
      [0.273127675, -0.000151337, -0.002584748],
      [-0.000151337, 0.012922334, 0.000002969],
      [-0.002584748, 0.000002969, 0.028066190]
    ],
  "K_vel_pos": [
      [0.000000000, 0.000000000, 0.000000000],
      [0.000000000, 0.000000000, 0.000000000],
      [0.000000000, 0.000000000, 0.000000000]
    ],
  "delta_x": {
    "pos_ned_m": [-4.963891983, -0.051714122, 0.779245436],
    "vel_ned_mps": [0.040344115, 0.002128473, -0.026532231],
    "att_rad": [0.000071758, -0.249933541, -0.031552646],
    "bias_accel_norm": 0.223253936,
    "bias_gyro_norm": 0.039310385,
    "pos_norm_m": 5.024950027,
    "vel_norm_mps": 0.048333608,
    "att_norm_rad": 0.251917332
  },
  "nis": 3.590411,
  "interpretation": "K_vel_pos = P_vel_pos * S_inv; velocity correction only via cross-covariance, not H"
}

{
  "experiment": "GAP-3 GNSS K-block single-fix audit",
  "timestamp_s": 6.922794342,
  "gps_index": 4,
  "accepted": true,
  "measurement_model": {
    "z_observed": "position_only [pN,pE,pD]",
    "z_velocity_in_ekf": false,
    "gps_speed_available_in_log": true,
    "gps_speed_mps": 0.372331,
    "H_on_error_state": "implicit I3 on pos errors; zero on vel/att/bias"
  },
  "z_ned_m": [-28.809191, -4.347250, 27.366810],
  "hx_ned_m": [-34.268806, -0.118885, 2.406748],
  "innovation_ned_m": [5.459616, -4.228365, 24.960062],
  "x_prior": {"pos_ned_m": [-34.268806, -0.118885, 2.406748], "vel_ned_mps": [-0.308532, 0.428899, 0.041048]},
  "x_post": {"pos_ned_m": [-32.194920, -0.187377, 3.248897], "vel_ned_mps": [-0.005731, 0.415434, 0.087889]},
  "S_m2": [
      [466.372589111, 0.157738492, -3.400699854],
      [0.157738492, 304.565460205, -0.006222608],
      [-3.400699854, -0.006222608, 309.205596924]
    ],
  "HPH_m2": [
      [165.696990967, 0.157738492, -3.400699854],
      [0.157738492, 3.889868259, -0.006222608],
      [-3.400699854, -0.006222608, 8.529984474]
    ],
  "R_m2": 300.675598,
  "S_inv": [
      [0.002523382, -0.000001696, 0.000035879],
      [-0.000001696, 0.004263760, 0.000000087],
      [0.000035879, 0.000000087, 0.004181550]
    ],
  "P_vel_pos_cross_m2": [
      [0.000000000, 0.000000000, 0.000000000],
      [0.000000000, 0.000000000, 0.000000000],
      [0.000000000, 0.000000000, 0.000000000]
    ],
  "K_pos_pos": [
      [0.417994559, 0.000391213, -0.008275212],
      [0.000391213, 0.016585197, -0.000020023],
      [-0.008275212, -0.000020023, 0.035546541]
    ],
  "K_vel_pos": [
      [0.000000000, 0.000000000, 0.000000000],
      [0.000000000, 0.000000000, 0.000000000],
      [0.000000000, 0.000000000, 0.000000000]
    ],
  "delta_x": {
    "pos_ned_m": [2.073885679, -0.068492174, 0.842149079],
    "vel_ned_mps": [0.302800804, -0.013465051, 0.046841078],
    "att_rad": [-0.000607082, 0.029813878, 0.000332067],
    "bias_accel_norm": 0.011529281,
    "bias_gyro_norm": 0.005854055,
    "pos_norm_m": 2.239399195,
    "vel_norm_mps": 0.306698084,
    "att_norm_rad": 0.029821908
  },
  "nis": 3.044723,
  "interpretation": "K_vel_pos = P_vel_pos * S_inv; velocity correction only via cross-covariance, not H"
}

{
  "experiment": "GAP-3 GNSS K-block single-fix audit",
  "timestamp_s": 8.536244392,
  "gps_index": 5,
  "accepted": true,
  "measurement_model": {
    "z_observed": "position_only [pN,pE,pD]",
    "z_velocity_in_ekf": false,
    "gps_speed_available_in_log": true,
    "gps_speed_mps": 0.803098,
    "H_on_error_state": "implicit I3 on pos errors; zero on vel/att/bias"
  },
  "z_ned_m": [-27.961861, -5.463974, 27.366821],
  "hx_ned_m": [-21.869074, -0.620133, 4.472253],
  "innovation_ned_m": [-6.092787, -4.843841, 22.894567],
  "x_prior": {"pos_ned_m": [-21.869074, -0.620133, 4.472253], "vel_ned_mps": [0.761239, 0.119522, -0.002406]},
  "x_post": {"pos_ned_m": [-24.137148, -0.728482, 5.542805], "vel_ned_mps": [0.707994, 0.116193, -0.000497]},
  "S_m2": [
      [321.690155029, 0.220656097, -2.038431406],
      [0.220656097, 234.467727661, 0.006248715],
      [-2.038431406, 0.006248715, 238.805175781]
    ],
  "HPH_m2": [
      [91.045188904, 0.220656097, -2.038431406],
      [0.220656097, 3.822748184, 0.006248715],
      [-2.038431406, 0.006248715, 8.160203934]
    ],
  "R_m2": 230.644974,
  "S_inv": [
      [0.003778875, -0.000004701, 0.000042378],
      [-0.000004701, 0.005636040, -0.000000246],
      [0.000042378, -0.000000246, 0.005502019]
    ],
  "P_vel_pos_cross_m2": [
      [0.000000000, 0.000000000, 0.000000000],
      [0.000000000, 0.000000000, 0.000000000],
      [0.000000000, 0.000000000, 0.000000000]
    ],
  "K_pos_pos": [
      [0.343960971, 0.000816126, -0.007357191],
      [0.000816126, 0.021544123, 0.000042789],
      [-0.007357190, 0.000042789, 0.044811212]
    ],
  "K_vel_pos": [
      [0.000000000, 0.000000000, 0.000000000],
      [0.000000000, 0.000000000, 0.000000000],
      [0.000000000, 0.000000000, 0.000000000]
    ],
  "delta_x": {
    "pos_ned_m": [-2.268073797, -0.108349130, 1.070551753],
    "vel_ned_mps": [-0.053244263, -0.003328778, 0.001909249],
    "att_rad": [0.000676958, -0.004865096, 0.003664505],
    "bias_accel_norm": 0.021101734,
    "bias_gyro_norm": 0.002455927,
    "pos_norm_m": 2.510374308,
    "vel_norm_mps": 0.053382371,
    "att_norm_rad": 0.006128297
  },
  "nis": 3.435194,
  "interpretation": "K_vel_pos = P_vel_pos * S_inv; velocity correction only via cross-covariance, not H"
}

{
  "experiment": "GAP-3 GNSS K-block single-fix audit",
  "timestamp_s": 9.544651985,
  "gps_index": 6,
  "accepted": true,
  "measurement_model": {
    "z_observed": "position_only [pN,pE,pD]",
    "z_velocity_in_ekf": false,
    "gps_speed_available_in_log": true,
    "gps_speed_mps": 0.542723,
    "H_on_error_state": "implicit I3 on pos errors; zero on vel/att/bias"
  },
  "z_ned_m": [-27.961861, -5.763096, 27.366827],
  "hx_ned_m": [-23.996279, -0.614788, 5.471025],
  "innovation_ned_m": [-3.965582, -5.148308, 21.895802],
  "x_prior": {"pos_ned_m": [-23.996279, -0.614788, 5.471025], "vel_ned_mps": [0.667437, -0.168360, -0.116887]},
  "x_post": {"pos_ned_m": [-25.345314, -0.755386, 6.690303], "vel_ned_mps": [0.600568, -0.169445, -0.109638]},
  "S_m2": [
      [232.435607910, 0.161052912, -1.307860017],
      [0.161052912, 177.350021362, 0.010667054],
      [-1.307860017, 0.010667054, 181.389877319]
    ],
  "HPH_m2": [
      [58.828651428, 0.161052912, -1.307860017],
      [0.161052912, 3.743057251, 0.010667054],
      [-1.307860017, 0.010667054, 7.782918453]
    ],
  "R_m2": 173.606964,
  "S_inv": [
      [0.005166300, -0.000006012, 0.000047407],
      [-0.000006012, 0.007220812, -0.000000596],
      [0.000047407, -0.000000596, 0.007016572]
    ],
  "P_vel_pos_cross_m2": [
      [0.000000000, 0.000000000, 0.000000000],
      [0.000000000, 0.000000000, 0.000000000],
      [0.000000000, 0.000000000, 0.000000000]
    ],
  "K_pos_pos": [
      [0.303863525, 0.000810051, -0.006387896],
      [0.000810051, 0.027026936, 0.000080252],
      [-0.006387896, 0.000080252, 0.054547399]
    ],
  "K_vel_pos": [
      [0.000000000, 0.000000000, 0.000000000],
      [0.000000000, 0.000000000, 0.000000000],
      [0.000000000, 0.000000000, 0.000000000]
    ],
  "delta_x": {
    "pos_ned_m": [-1.349034309, -0.140598133, 1.219277620],
    "vel_ned_mps": [-0.066869006, -0.001084844, 0.007249772],
    "att_rad": [0.000907102, -0.003569907, 0.000131714],
    "bias_accel_norm": 0.010380820,
    "bias_gyro_norm": 0.001437774,
    "pos_norm_m": 1.823814511,
    "vel_norm_mps": 0.067269608,
    "att_norm_rad": 0.003685704
  },
  "nis": 3.689099,
  "interpretation": "K_vel_pos = P_vel_pos * S_inv; velocity correction only via cross-covariance, not H"
}

{
  "experiment": "GAP-3 GNSS K-block single-fix audit",
  "timestamp_s": 10.553059578,
  "gps_index": 7,
  "accepted": true,
  "measurement_model": {
    "z_observed": "position_only [pN,pE,pD]",
    "z_velocity_in_ekf": false,
    "gps_speed_available_in_log": true,
    "gps_speed_mps": 2.637817,
    "H_on_error_state": "implicit I3 on pos errors; zero on vel/att/bias"
  },
  "z_ned_m": [-27.114532, -5.543739, 27.366837],
  "hx_ned_m": [-28.831860, -0.720021, 5.865700],
  "innovation_ned_m": [1.717327, -4.823718, 21.501137],
  "x_prior": {"pos_ned_m": [-28.831860, -0.720021, 5.865700], "vel_ned_mps": [1.019301, -0.438273, -0.326572]},
  "x_post": {"pos_ned_m": [-28.506908, -0.853964, 7.050400], "vel_ned_mps": [1.443337, -0.453471, -0.358712]},
  "S_m2": [
      [176.944702148, 0.041746840, -0.882183969],
      [0.041746840, 138.417449951, 0.020227434],
      [-0.882183969, 0.020227434, 142.103317261]
    ],
  "HPH_m2": [
      [42.199028015, 0.041746840, -0.882183969],
      [0.041746840, 3.671789646, 0.020227434],
      [-0.882183969, 0.020227434, 7.357650280]
    ],
  "R_m2": 134.745667,
  "S_inv": [
      [0.005978979, -0.000001945, 0.000039833],
      [-0.000001945, 0.007768122, -0.000001200],
      [0.000039833, -0.000001200, 0.007552159]
    ],
  "P_vel_pos_cross_m2": [
      [0.000000000, 0.000000000, 0.000000000],
      [0.000000000, 0.000000000, 0.000000000],
      [0.000000000, 0.000000000, 0.000000000]
    ],
  "K_pos_pos": [
      [0.252271891, 0.000243267, -0.004981521],
      [0.000243267, 0.028522803, 0.000150019],
      [-0.004981520, 0.000150019, 0.055530980]
    ],
  "K_vel_pos": [
      [0.000000000, 0.000000000, 0.000000000],
      [0.000000000, 0.000000000, 0.000000000],
      [0.000000000, 0.000000000, 0.000000000]
    ],
  "delta_x": {
    "pos_ned_m": [0.324951559, -0.133942604, 1.184700608],
    "vel_ned_mps": [0.424035490, -0.015197663, -0.032139510],
    "att_rad": [-0.002186884, 0.020515105, -0.007696006],
    "bias_accel_norm": 0.038172629,
    "bias_gyro_norm": 0.005257847,
    "pos_norm_m": 1.235738516,
    "vel_norm_mps": 0.425523221,
    "att_norm_rad": 0.022020003
  },
  "nis": 5.093205,
  "interpretation": "K_vel_pos = P_vel_pos * S_inv; velocity correction only via cross-covariance, not H"
}

{
  "experiment": "GAP-3 GNSS K-block single-fix audit",
  "timestamp_s": 24.268436432,
  "gps_index": 21,
  "accepted": true,
  "measurement_model": {
    "z_observed": "position_only [pN,pE,pD]",
    "z_velocity_in_ekf": false,
    "gps_speed_available_in_log": true,
    "gps_speed_mps": 4.924347,
    "H_on_error_state": "implicit I3 on pos errors; zero on vel/att/bias"
  },
  "z_ned_m": [-97.018913, 63.175304, 27.366465],
  "hx_ned_m": [-248.799500, 21.754938, -22.699030],
  "innovation_ned_m": [151.780579, 41.420364, 50.065495],
  "x_prior": {"pos_ned_m": [-248.799500, 21.754938, -22.699030], "vel_ned_mps": [-3.398247, 1.118724, -0.503333]},
  "x_post": {"pos_ned_m": [196.084106, -53.292175, 39.685013], "vel_ned_mps": [-3.646526, 1.247824, -0.563835]},
  "S_m2": [
      [-61.654907227, 36.891468048, -30.877908707],
      [36.891468048, 148.216461182, 3.859033585],
      [-30.877908707, 3.859033585, 155.291137695]
    ],
  "HPH_m2": [
      [-214.424499512, 36.891468048, -30.877908707],
      [36.891468048, -4.553130627, 3.859033585],
      [-30.877908707, 3.859033585, 2.521538258]
    ],
  "R_m2": 152.769592,
  "S_inv": [
      [-0.012744952, 0.003262510, -0.002631998],
      [0.003262510, 0.005961431, 0.000503773],
      [-0.002631997, 0.000503773, 0.005941425]
    ],
  "P_vel_pos_cross_m2": [
      [0.000000000, 0.000000000, 0.000000000],
      [0.000000000, 0.000000000, 0.000000000],
      [0.000000000, 0.000000000, 0.000000000]
    ],
  "K_pos_pos": [
      [2.934459209, -0.495191634, 0.399490893],
      [-0.495191574, 0.095159695, -0.076463848],
      [0.399490923, -0.076463848, 0.098196186]
    ],
  "K_vel_pos": [
      [0.000000000, 0.000000000, 0.000000000],
      [0.000000000, 0.000000000, 0.000000000],
      [0.000000000, 0.000000000, 0.000000000]
    ],
  "delta_x": {
    "pos_ned_m": [444.883605957, -75.047111511, 62.384044647],
    "vel_ned_mps": [-0.248279184, 0.129100934, -0.060501505],
    "att_rad": [0.114763692, -0.748038232, -0.312557906],
    "bias_accel_norm": 2.299915552,
    "bias_gyro_norm": 0.057365872,
    "pos_norm_m": 455.461578369,
    "vel_norm_mps": 0.286304086,
    "att_norm_rad": 0.818794429
  },
  "nis": -263.018188,
  "interpretation": "K_vel_pos = P_vel_pos * S_inv; velocity correction only via cross-covariance, not H"
}

{
  "experiment": "GAP-3 GNSS K-block single-fix audit",
  "timestamp_s": 41.268440247,
  "gps_index": 39,
  "accepted": true,
  "measurement_model": {
    "z_observed": "position_only [pN,pE,pD]",
    "z_velocity_in_ekf": false,
    "gps_speed_available_in_log": true,
    "gps_speed_mps": 3.458419,
    "H_on_error_state": "implicit I3 on pos errors; zero on vel/att/bias"
  },
  "z_ned_m": [-155.483780, 117.696747, 33.667255],
  "hx_ned_m": [-275.505066, 124.610947, 20.394194],
  "innovation_ned_m": [120.021286, -6.914200, 13.273062],
  "x_prior": {"pos_ned_m": [-275.505066, 124.610947, 20.394194], "vel_ned_mps": [0.051340, 2.680178, 0.439769]},
  "x_post": {"pos_ned_m": [-147.096756, 89.093742, 25.862125], "vel_ned_mps": [0.065011, 2.640261, 0.429738]},
  "S_m2": [
      [-275.752288818, 31.046918869, -25.655553818],
      [31.046918869, 4.077400208, -3.726984739],
      [-25.655553818, -3.726984739, 28.603719711]
    ],
  "HPH_m2": [
      [-300.752288818, 31.046918869, -25.655553818],
      [31.046918869, -20.922599792, -3.726984739],
      [-25.655553818, -3.726984739, 3.603719234]
    ],
  "R_m2": 25.000000,
  "S_inv": [
      [-0.001951410, 0.015051571, 0.000210898],
      [0.015051571, 0.162317678, 0.034649756],
      [0.000210898, 0.034649756, 0.039664414]
    ],
  "P_vel_pos_cross_m2": [
      [0.000000000, 0.000000000, 0.000000000],
      [0.000000000, 0.000000000, 0.000000000],
      [0.000000000, 0.000000000, 0.000000000]
    ],
  "K_pos_pos": [
      [1.048785210, -0.376289129, -0.005272388],
      [-0.376289248, -3.057942152, -0.866243839],
      [-0.005272450, -0.866243899, 0.008389592]
    ],
  "K_vel_pos": [
      [0.000000000, 0.000000000, 0.000000000],
      [0.000000000, 0.000000000, 0.000000000],
      [0.000000000, 0.000000000, 0.000000000]
    ],
  "delta_x": {
    "pos_ned_m": [128.408309937, -35.517204285, 5.467932701],
    "vel_ned_mps": [0.013671085, -0.039917514, -0.010031059],
    "att_rad": [-0.009823760, -0.024721989, 0.014325423],
    "bias_accel_norm": 0.387348861,
    "bias_gyro_norm": 0.001760807,
    "pos_norm_m": 133.341903687,
    "vel_norm_mps": 0.043369673,
    "att_norm_rad": 0.030214248
  },
  "nis": -35.785633,
  "interpretation": "K_vel_pos = P_vel_pos * S_inv; velocity correction only via cross-covariance, not H"
}

{
  "experiment": "GAP-3 GNSS K-block single-fix audit",
  "timestamp_s": 42.268444061,
  "gps_index": 40,
  "accepted": true,
  "measurement_model": {
    "z_observed": "position_only [pN,pE,pD]",
    "z_velocity_in_ekf": false,
    "gps_speed_available_in_log": true,
    "gps_speed_mps": 4.573822,
    "H_on_error_state": "implicit I3 on pos errors; zero on vel/att/bias"
  },
  "z_ned_m": [-158.873123, 116.161278, 33.667244],
  "hx_ned_m": [-141.678940, 300.974060, 83.567390],
  "innovation_ned_m": [-17.194183, -184.812775, -49.900146],
  "x_prior": {"pos_ned_m": [-141.678940, 300.974060, 83.567390], "vel_ned_mps": [1.709249, 7.091901, 0.388104]},
  "x_post": {"pos_ned_m": [-154.919907, 100.814529, 29.230354], "vel_ned_mps": [1.667174, 7.232855, 0.300617]},
  "S_m2": [
      [51.157005310, -14.406327248, -1.471617699],
      [-14.406327248, -280.476562500, -84.036819458],
      [-1.471617699, -84.036819458, 8.197698593]
    ],
  "HPH_m2": [
      [26.157005310, -14.406327248, -1.471617699],
      [-14.406327248, -305.476562500, -84.036819458],
      [-1.471617699, -84.036819458, -16.802301407]
    ],
  "R_m2": 25.000000,
  "S_inv": [
      [0.019359400, -0.000499976, -0.001650066],
      [-0.000499976, -0.000862774, -0.008934288],
      [-0.001650066, -0.008934288, 0.030101448]
    ],
  "P_vel_pos_cross_m2": [
      [0.000000000, 0.000000000, 0.000000000],
      [0.000000000, 0.000000000, 0.000000000],
      [0.000000000, 0.000000000, 0.000000000]
    ],
  "K_pos_pos": [
      [0.516015053, 0.012499396, 0.041251663],
      [0.012499392, 1.021569371, 0.223356962],
      [0.041251659, 0.223357201, 0.247463882]
    ],
  "K_vel_pos": [
      [0.000000000, 0.000000000, 0.000000000],
      [0.000000000, 0.000000000, 0.000000000],
      [0.000000000, 0.000000000, 0.000000000]
    ],
  "delta_x": {
    "pos_ned_m": [-13.240969658, -200.159530640, -54.337036133],
    "vel_ned_mps": [-0.042075418, 0.140953779, -0.087487154],
    "att_rad": [0.389971554, -0.039966509, 0.149093628],
    "bias_accel_norm": 0.669940829,
    "bias_gyro_norm": 0.022356870,
    "pos_norm_m": 207.826065063,
    "vel_norm_mps": 0.171149969,
    "att_norm_rad": 0.419409156
  },
  "nis": -68.295685,
  "interpretation": "K_vel_pos = P_vel_pos * S_inv; velocity correction only via cross-covariance, not H"
}

{
  "experiment": "GAP-3 GNSS K-block single-fix audit",
  "timestamp_s": 98.268463135,
  "gps_index": 97,
  "accepted": true,
  "measurement_model": {
    "z_observed": "position_only [pN,pE,pD]",
    "z_velocity_in_ekf": false,
    "gps_speed_available_in_log": true,
    "gps_speed_mps": 15.132318,
    "H_on_error_state": "implicit I3 on pos errors; zero on vel/att/bias"
  },
  "z_ned_m": [-442.728027, -95.245949, 37.674767],
  "hx_ned_m": [-56.004444, 214.670853, -4.104544],
  "innovation_ned_m": [-386.723572, -309.916809, 41.779312],
  "x_prior": {"pos_ned_m": [-56.004444, 214.670853, -4.104544], "vel_ned_mps": [-4.657228, -2.365498, -0.617254]},
  "x_post": {"pos_ned_m": [-8086.415039, -10988.414062, -1465.548340], "vel_ned_mps": [-6.697735, -3.464814, -0.754048]},
  "S_m2": [
      [-91.238449097, 64.699554443, -11.344239235],
      [64.699554443, -46.704383850, 4.302450180],
      [-11.344239235, 4.302450180, 27.200883865]
    ],
  "HPH_m2": [
      [-116.238449097, 64.699554443, -11.344239235],
      [64.699554443, -71.704383850, 4.302450180],
      [-11.344239235, 4.302450180, 2.200884342]
    ],
  "R_m2": 25.000000,
  "S_inv": [
      [-0.375855833, -0.527427852, -0.073327295],
      [-0.527427852, -0.761228323, -0.099560052],
      [-0.073327266, -0.099560030, 0.021929799]
    ],
  "P_vel_pos_cross_m2": [
      [0.000000000, 0.000000000, 0.000000000],
      [0.000000000, 0.000000000, 0.000000000],
      [0.000000000, 0.000000000, 0.000000000]
    ],
  "K_pos_pos": [
      [10.396394730, 13.185695648, 1.833182812],
      [13.185697556, 20.030708313, 2.489000797],
      [1.833181858, 2.489000797, 0.451755136]
    ],
  "K_vel_pos": [
      [0.000000000, 0.000000000, 0.000000000],
      [0.000000000, 0.000000000, 0.000000000],
      [0.000000000, 0.000000000, 0.000000000]
    ],
  "delta_x": {
    "pos_ned_m": [-8030.410644531, -11203.084960938, -1461.443847656],
    "vel_ned_mps": [-2.040507793, -1.099316478, -0.136793762],
    "att_rad": [-7.211125374, -27.747093201, -4.465172768],
    "bias_accel_norm": 215.788208008,
    "bias_gyro_norm": 0.287693173,
    "pos_norm_m": 13861.184570312,
    "vel_norm_mps": 2.321827173,
    "att_norm_rad": 29.014465332
  },
  "nis": -250725.796875,
  "interpretation": "K_vel_pos = P_vel_pos * S_inv; velocity correction only via cross-covariance, not H"
}

